$*$$$$$$$$$$$$$$$$$$$$$$$$$$$$$$$$$$$$$$$$$$$$$$$$$$$$$$$$$$$$$$$$$
$*
$*                    Simcenter v2206.0.0.6002 Translator
$*                    for Simcenter Nastran version 2206.0
$*
$*             FEM FILE: C:\Users\boregopt\Downloads\damDifferentWedgesbdry.fem
$*             SIM FILE: Unknown
$*        ANALYSIS TYPE: Structural
$*
$*    SOLVER INPUT FILE: bulkObstaclesBdry.dat
$*        CREATION DATE: 13-Aug-2023
$*        CREATION TIME: 01:58:11
$*             HOSTNAME: 617-0601
$*      NASTRAN LICENSE: Enterprise
$*
$*                UNITS: mm (milli-newton)
$*                      ... LENGTH : mm
$*                      ... TIME   : sec
$*                      ... MASS   : kilogram (kg)
$*                      ... TEMPERATURE : deg Celsius
$*                      ... FORCE  : milli-newton
$*                      ... THERMAL ENERGY : mN-mm (micro-joule)
$*
$* IMPORTANT NOTE:
$*     This banner was generated by Simcenter and altering this 
$*     information may compromise the pre and post processing of results
$*
$*$$$$$$$$$$$$$$$$$$$$$$$$$$$$$$$$$$$$$$$$$$$$$$$$$$$$$$$$$$$$$$$$$
$*
$*$$$$$$$$$$$$$$$$$$$$$$$$$$$$$$$$$$$
$*
$* BULK DATA
$*
$*$$$$$$$$$$$$$$$$$$$$$$$$$$$$$$$$$$$
$*
BEGIN BULK
$*
$* GRID CARDS
$*
GRID,1,0,5.57E-26,-25.0,650.0,0
GRID,2,0,-8.6E-15,-25.0,645.0,0
GRID,3,0,-1.7E-14,-25.0,640.0,0
GRID,4,0,-2.6E-14,-25.0,635.0,0
GRID,5,0,-3.4E-14,-25.0,630.0,0
GRID,6,0,-4.3E-14,-25.0,625.0,0
GRID,7,0,-5.2E-14,-25.0,620.0,0
GRID,8,0,-6.0E-14,-25.0,615.0,0
GRID,9,0,-6.9E-14,-25.0,610.0,0
GRID,10,0,-7.7E-14,-25.0,605.0,0
GRID,11,0,-8.6E-14,-25.0,600.0,0
GRID,12,0,-9.5E-14,-25.0,595.0,0
GRID,13,0,-1.0E-13,-25.0,590.0,0
GRID,14,0,-1.1E-13,-25.0,585.0,0
GRID,15,0,-1.2E-13,-25.0,580.0,0
GRID,16,0,-1.3E-13,-25.0,575.0,0
GRID,17,0,-1.4E-13,-25.0,570.0,0
GRID,18,0,-1.5E-13,-25.0,565.0,0
GRID,19,0,-1.5E-13,-25.0,560.0,0
GRID,20,0,-1.6E-13,-25.0,555.0,0
GRID,21,0,-1.7E-13,-25.0,550.0,0
GRID,22,0,-1.8E-13,-25.0,545.0,0
GRID,23,0,-1.9E-13,-25.0,540.0,0
GRID,24,0,-2.0E-13,-25.0,535.0,0
GRID,25,0,-2.1E-13,-25.0,530.0,0
GRID,26,0,-2.2E-13,-25.0,525.0,0
GRID,27,0,-2.2E-13,-25.0,520.0,0
GRID,28,0,-2.3E-13,-25.0,515.0,0
GRID,29,0,-2.4E-13,-25.0,510.0,0
GRID,30,0,-2.5E-13,-25.0,505.0,0
GRID,31,0,-2.6E-13,-25.0,500.0,0
GRID,32,0,-2.7E-13,-25.0,495.0,0
GRID,33,0,-2.8E-13,-25.0,490.0,0
GRID,34,0,-2.9E-13,-25.0,485.0,0
GRID,35,0,-3.0E-13,-25.0,480.0,0
GRID,36,0,-3.1E-13,-25.0,475.0,0
GRID,37,0,-3.2E-13,-25.0,470.0,0
GRID,38,0,-3.3E-13,-25.0,465.0,0
GRID,39,0,-3.4E-13,-25.0,460.0,0
GRID,40,0,-3.5E-13,-25.0,455.0,0
GRID,41,0,-3.6E-13,-25.0,450.0,0
GRID,42,0,-3.7E-13,-25.0,445.0,0
GRID,43,0,-3.8E-13,-25.0,440.0,0
GRID,44,0,-3.9E-13,-25.0,435.0,0
GRID,45,0,-4.0E-13,-25.0,430.0,0
GRID,46,0,-4.1E-13,-25.0,425.0,0
GRID,47,0,-4.2E-13,-25.0,420.0,0
GRID,48,0,-4.3E-13,-25.0,415.0,0
GRID,49,0,-4.4E-13,-25.0,410.0,0
GRID,50,0,-4.5E-13,-25.0,405.0,0
GRID,51,0,-4.6E-13,-25.0,400.0,0
GRID,52,0,-4.7E-13,-25.0,395.0,0
GRID,53,0,-4.8E-13,-25.0,390.0,0
GRID,54,0,-4.9E-13,-25.0,385.0,0
GRID,55,0,-5.0E-13,-25.0,380.0,0
GRID,56,0,-5.1E-13,-25.0,375.0,0
GRID,57,0,-5.2E-13,-25.0,370.0,0
GRID,58,0,-5.3E-13,-25.0,365.0,0
GRID,59,0,-5.4E-13,-25.0,360.0,0
GRID,60,0,-5.5E-13,-25.0,355.0,0
GRID,61,0,-5.6E-13,-25.0,350.0,0
GRID,62,0,-5.7E-13,-25.0,345.0,0
GRID,63,0,-5.8E-13,-25.0,340.0,0
GRID,64,0,-5.9E-13,-25.0,335.0,0
GRID,65,0,-6.0E-13,-25.0,330.0,0
GRID,66,0,-6.1E-13,-25.0,325.0,0
GRID,67,0,-6.2E-13,-25.0,320.0,0
GRID,68,0,-6.3E-13,-25.0,315.0,0
GRID,69,0,-6.4E-13,-25.0,310.0,0
GRID,70,0,-6.5E-13,-25.0,305.0,0
GRID,71,0,-6.6E-13,-25.0,300.0,0
GRID,72,0,-6.7E-13,-25.0,295.0,0
GRID,73,0,-6.8E-13,-25.0,290.0,0
GRID,74,0,-6.9E-13,-25.0,285.0,0
GRID,75,0,-7.1E-13,-25.0,280.0,0
GRID,76,0,-7.2E-13,-25.0,275.0,0
GRID,77,0,-7.3E-13,-25.0,270.0,0
GRID,78,0,-7.4E-13,-25.0,265.0,0
GRID,79,0,-7.5E-13,-25.0,260.0,0
GRID,80,0,-7.6E-13,-25.0,255.0,0
GRID,81,0,-7.7E-13,-25.0,250.0,0
GRID,82,0,-7.8E-13,-25.0,245.0,0
GRID,83,0,-7.9E-13,-25.0,240.0,0
GRID,84,0,-8.0E-13,-25.0,235.0,0
GRID,85,0,-8.1E-13,-25.0,230.0,0
GRID,86,0,-8.2E-13,-25.0,225.0,0
GRID,87,0,-8.3E-13,-25.0,220.0,0
GRID,88,0,-8.4E-13,-25.0,215.0,0
GRID,89,0,-8.5E-13,-25.0,210.0,0
GRID,90,0,-8.6E-13,-25.0,205.0,0
GRID,91,0,-8.7E-13,-25.0,200.0,0
GRID,92,0,-8.8E-13,-25.0,195.0,0
GRID,93,0,-8.9E-13,-25.0,190.0,0
GRID,94,0,-9.0E-13,-25.0,185.0,0
GRID,95,0,-9.1E-13,-25.0,180.0,0
GRID,96,0,-9.2E-13,-25.0,175.0,0
GRID,97,0,-9.3E-13,-25.0,170.0,0
GRID,98,0,-9.4E-13,-25.0,165.0,0
GRID,99,0,-9.5E-13,-25.0,160.0,0
GRID,100,0,-9.6E-13,-25.0,155.0,0
GRID,101,0,-9.7E-13,-25.0,150.0,0
GRID,102,0,-9.8E-13,-25.0,145.0,0
GRID,103,0,-9.9E-13,-25.0,140.0,0
GRID,104,0,-1.0E-12,-25.0,135.0,0
GRID,105,0,-1.0E-12,-25.0,130.0,0
GRID,106,0,-1.0E-12,-25.0,125.0,0
GRID,107,0,-1.0E-12,-25.0,120.0,0
GRID,108,0,-1.0E-12,-25.0,115.0,0
GRID,109,0,-1.1E-12,-25.0,110.0,0
GRID,110,0,-1.1E-12,-25.0,105.0,0
GRID,111,0,-1.1E-12,-25.0,100.0,0
GRID,112,0,-1.1E-12,-25.0,95.0,0
GRID,113,0,-1.1E-12,-25.0,90.0,0
GRID,114,0,-1.1E-12,-25.0,85.0,0
GRID,115,0,-1.1E-12,-25.0,80.0,0
GRID,116,0,-1.1E-12,-25.0,75.0,0
GRID,117,0,-1.1E-12,-25.0,70.0,0
GRID,118,0,-1.1E-12,-25.0,65.0,0
GRID,119,0,-1.2E-12,-25.0,60.0,0
GRID,120,0,-1.2E-12,-25.0,55.0,0
GRID,121,0,-1.2E-12,-25.0,50.0,0
GRID,122,0,-1.2E-12,-25.0,45.0,0
GRID,123,0,-1.2E-12,-25.0,40.0,0
GRID,124,0,-1.2E-12,-25.0,35.0,0
GRID,125,0,-1.2E-12,-25.0,30.0,0
GRID,126,0,-1.2E-12,-25.0,25.0,0
GRID,127,0,-1.2E-12,-25.0,20.0,0
GRID,128,0,-1.2E-12,-25.0,15.0,0
GRID,129,0,-1.3E-12,-25.0,10.0,0
GRID,130,0,-1.3E-12,-25.0,5.0,0
GRID,131,0,-1.3E-12,-25.0,0.0,0
GRID,132,0,5.0,-25.0,0.0,0
GRID,133,0,10.0,-25.0,0.0,0
GRID,134,0,15.0,-25.0,0.0,0
GRID,135,0,20.0,-25.0,0.0,0
GRID,136,0,25.0,-25.0,0.0,0
GRID,137,0,30.0,-25.0,0.0,0
GRID,138,0,35.0,-25.0,0.0,0
GRID,139,0,40.0,-25.0,0.0,0
GRID,140,0,45.0,-25.0,0.0,0
GRID,141,0,50.0,-25.0,0.0,0
GRID,142,0,55.0,-25.0,0.0,0
GRID,143,0,60.0,-25.0,0.0,0
GRID,144,0,65.0,-25.0,0.0,0
GRID,145,0,70.0,-25.0,0.0,0
GRID,146,0,75.0,-25.0,0.0,0
GRID,147,0,80.0,-25.0,0.0,0
GRID,148,0,85.0,-25.0,0.0,0
GRID,149,0,90.0,-25.0,0.0,0
GRID,150,0,95.0,-25.0,0.0,0
GRID,151,0,100.0,-25.0,0.0,0
GRID,152,0,105.0,-25.0,0.0,0
GRID,153,0,110.0,-25.0,0.0,0
GRID,154,0,115.0,-25.0,0.0,0
GRID,155,0,120.0,-25.0,0.0,0
GRID,156,0,125.0,-25.0,0.0,0
GRID,157,0,130.0,-25.0,0.0,0
GRID,158,0,135.0,-25.0,0.0,0
GRID,159,0,140.0,-25.0,0.0,0
GRID,160,0,145.0,-25.0,0.0,0
GRID,161,0,150.0,-25.0,0.0,0
GRID,162,0,155.0,-25.0,0.0,0
GRID,163,0,160.0,-25.0,0.0,0
GRID,164,0,165.0,-25.0,0.0,0
GRID,165,0,170.0,-25.0,0.0,0
GRID,166,0,175.0,-25.0,0.0,0
GRID,167,0,180.0,-25.0,0.0,0
GRID,168,0,185.0,-25.0,0.0,0
GRID,169,0,190.0,-25.0,0.0,0
GRID,170,0,195.0,-25.0,0.0,0
GRID,171,0,200.0,-25.0,0.0,0
GRID,172,0,205.0,-25.0,0.0,0
GRID,173,0,210.0,-25.0,0.0,0
GRID,174,0,215.0,-25.0,0.0,0
GRID,175,0,220.0,-25.0,0.0,0
GRID,176,0,225.0,-25.0,0.0,0
GRID,177,0,230.0,-25.0,0.0,0
GRID,178,0,235.0,-25.0,0.0,0
GRID,179,0,240.0,-25.0,0.0,0
GRID,180,0,245.0,-25.0,0.0,0
GRID,181,0,250.0,-25.0,0.0,0
GRID,182,0,255.0,-25.0,0.0,0
GRID,183,0,260.0,-25.0,0.0,0
GRID,184,0,265.0,-25.0,0.0,0
GRID,185,0,270.0,-25.0,0.0,0
GRID,186,0,275.0,-25.0,0.0,0
GRID,187,0,280.0,-25.0,0.0,0
GRID,188,0,285.0,-25.0,0.0,0
GRID,189,0,290.0,-25.0,0.0,0
GRID,190,0,295.0,-25.0,0.0,0
GRID,191,0,300.0,-25.0,0.0,0
GRID,192,0,305.0,-25.0,0.0,0
GRID,193,0,310.0,-25.0,0.0,0
GRID,194,0,315.0,-25.0,0.0,0
GRID,195,0,320.0,-25.0,0.0,0
GRID,196,0,325.0,-25.0,0.0,0
GRID,197,0,330.0,-25.0,0.0,0
GRID,198,0,335.0,-25.0,0.0,0
GRID,199,0,340.0,-25.0,0.0,0
GRID,200,0,345.0,-25.0,0.0,0
GRID,201,0,350.0,-25.0,0.0,0
GRID,202,0,355.0,-25.0,0.0,0
GRID,203,0,360.0,-25.0,0.0,0
GRID,204,0,365.0,-25.0,0.0,0
GRID,205,0,370.0,-25.0,0.0,0
GRID,206,0,375.0,-25.0,0.0,0
GRID,207,0,380.0,-25.0,0.0,0
GRID,208,0,385.0,-25.0,0.0,0
GRID,209,0,390.0,-25.0,0.0,0
GRID,210,0,395.0,-25.0,0.0,0
GRID,211,0,400.0,-25.0,0.0,0
GRID,212,0,405.0,-25.0,0.0,0
GRID,213,0,410.0,-25.0,0.0,0
GRID,214,0,415.0,-25.0,0.0,0
GRID,215,0,420.0,-25.0,0.0,0
GRID,216,0,425.0,-25.0,0.0,0
GRID,217,0,425.0,-25.0,5.0,0
GRID,218,0,425.0,-25.0,10.0,0
GRID,219,0,425.0,-25.0,15.0,0
GRID,220,0,425.0,-25.0,20.0,0
GRID,221,0,425.0,-25.0,25.0,0
GRID,222,0,425.0,-25.0,30.0,0
GRID,223,0,425.0,-25.0,35.0,0
GRID,224,0,425.0,-25.0,40.0,0
GRID,225,0,425.0,-25.0,45.0,0
GRID,226,0,425.0,-25.0,50.0,0
GRID,227,0,425.0,-25.0,55.0,0
GRID,228,0,425.0,-25.0,60.0,0
GRID,229,0,425.0,-25.0,65.0,0
GRID,230,0,425.0,-25.0,70.0,0
GRID,231,0,425.0,-25.0,75.0,0
GRID,232,0,425.0,-25.0,80.0,0
GRID,233,0,425.0,-25.0,85.0,0
GRID,234,0,425.0,-25.0,90.0,0
GRID,235,0,425.0,-25.0,95.0,0
GRID,236,0,425.0,-25.0,100.0,0
GRID,237,0,425.0,-25.0,105.0,0
GRID,238,0,425.0,-25.0,110.0,0
GRID,239,0,425.0,-25.0,115.0,0
GRID,240,0,425.0,-25.0,120.0,0
GRID,241,0,425.0,-25.0,125.0,0
GRID,242,0,425.0,-25.0,130.0,0
GRID,243,0,425.0,-25.0,135.0,0
GRID,244,0,425.0,-25.0,140.0,0
GRID,245,0,425.0,-25.0,145.0,0
GRID,246,0,425.0,-25.0,150.0,0
GRID,247,0,425.0,-25.0,155.0,0
GRID,248,0,425.0,-25.0,160.0,0
GRID,249,0,425.0,-25.0,165.0,0
GRID,250,0,425.0,-25.0,170.0,0
GRID,251,0,425.0,-25.0,175.0,0
GRID,252,0,425.0,-25.0,180.0,0
GRID,253,0,425.0,-25.0,185.0,0
GRID,254,0,425.0,-25.0,190.0,0
GRID,255,0,425.0,-25.0,195.0,0
GRID,256,0,425.0,-25.0,200.0,0
GRID,257,0,425.0,-25.0,205.0,0
GRID,258,0,425.0,-25.0,210.0,0
GRID,259,0,425.0,-25.0,215.0,0
GRID,260,0,425.0,-25.0,220.0,0
GRID,261,0,425.0,-25.0,225.0,0
GRID,262,0,425.0,-25.0,230.0,0
GRID,263,0,425.0,-25.0,235.0,0
GRID,264,0,425.0,-25.0,240.0,0
GRID,265,0,425.0,-25.0,245.0,0
GRID,266,0,425.0,-25.0,250.0,0
GRID,267,0,430.0,-25.0,250.0,0
GRID,268,0,435.0,-25.0,250.0,0
GRID,269,0,440.0,-25.0,250.0,0
GRID,270,0,445.0,-25.0,250.0,0
GRID,271,0,450.0,-25.0,250.0,0
GRID,272,0,455.0,-25.0,250.0,0
GRID,273,0,460.0,-25.0,250.0,0
GRID,274,0,465.0,-25.0,250.0,0
GRID,275,0,470.0,-25.0,250.0,0
GRID,276,0,475.0,-25.0,250.0,0
GRID,277,0,480.0,-25.0,250.0,0
GRID,278,0,485.0,-25.0,250.0,0
GRID,279,0,490.0,-25.0,250.0,0
GRID,280,0,495.0,-25.0,250.0,0
GRID,281,0,500.0,-25.0,250.0,0
GRID,282,0,505.0,-25.0,250.0,0
GRID,283,0,510.0,-25.0,250.0,0
GRID,284,0,515.0,-25.0,250.0,0
GRID,285,0,520.0,-25.0,250.0,0
GRID,286,0,525.0,-25.0,250.0,0
GRID,287,0,530.0,-25.0,250.0,0
GRID,288,0,535.0,-25.0,250.0,0
GRID,289,0,540.0,-25.0,250.0,0
GRID,290,0,545.0,-25.0,250.0,0
GRID,291,0,550.0,-25.0,250.0,0
GRID,292,0,555.0,-25.0,250.0,0
GRID,293,0,560.0,-25.0,250.0,0
GRID,294,0,565.0,-25.0,250.0,0
GRID,295,0,570.0,-25.0,250.0,0
GRID,296,0,575.0,-25.0,250.0,0
GRID,297,0,575.0,-25.0,245.0,0
GRID,298,0,575.0,-25.0,240.0,0
GRID,299,0,575.0,-25.0,235.0,0
GRID,300,0,575.0,-25.0,230.0,0
GRID,301,0,575.0,-25.0,225.0,0
GRID,302,0,575.0,-25.0,220.0,0
GRID,303,0,575.0,-25.0,215.0,0
GRID,304,0,575.0,-25.0,210.0,0
GRID,305,0,575.0,-25.0,205.0,0
GRID,306,0,575.0,-25.0,200.0,0
GRID,307,0,575.0,-25.0,195.0,0
GRID,308,0,575.0,-25.0,190.0,0
GRID,309,0,575.0,-25.0,185.0,0
GRID,310,0,575.0,-25.0,180.0,0
GRID,311,0,575.0,-25.0,175.0,0
GRID,312,0,575.0,-25.0,170.0,0
GRID,313,0,575.0,-25.0,165.0,0
GRID,314,0,575.0,-25.0,160.0,0
GRID,315,0,575.0,-25.0,155.0,0
GRID,316,0,575.0,-25.0,150.0,0
GRID,317,0,575.0,-25.0,145.0,0
GRID,318,0,575.0,-25.0,140.0,0
GRID,319,0,575.0,-25.0,135.0,0
GRID,320,0,575.0,-25.0,130.0,0
GRID,321,0,575.0,-25.0,125.0,0
GRID,322,0,575.0,-25.0,120.0,0
GRID,323,0,575.0,-25.0,115.0,0
GRID,324,0,575.0,-25.0,110.0,0
GRID,325,0,575.0,-25.0,105.0,0
GRID,326,0,575.0,-25.0,100.0,0
GRID,327,0,575.0,-25.0,95.0,0
GRID,328,0,575.0,-25.0,90.0,0
GRID,329,0,575.0,-25.0,85.0,0
GRID,330,0,575.0,-25.0,80.0,0
GRID,331,0,575.0,-25.0,75.0,0
GRID,332,0,575.0,-25.0,70.0,0
GRID,333,0,575.0,-25.0,65.0,0
GRID,334,0,575.0,-25.0,60.0,0
GRID,335,0,575.0,-25.0,55.0,0
GRID,336,0,575.0,-25.0,50.0,0
GRID,337,0,575.0,-25.0,45.0,0
GRID,338,0,575.0,-25.0,40.0,0
GRID,339,0,575.0,-25.0,35.0,0
GRID,340,0,575.0,-25.0,30.0,0
GRID,341,0,575.0,-25.0,25.0,0
GRID,342,0,575.0,-25.0,20.0,0
GRID,343,0,575.0,-25.0,15.0,0
GRID,344,0,575.0,-25.0,10.0,0
GRID,345,0,575.0,-25.0,5.0,0
GRID,346,0,575.0,-25.0,2.78E-14,0
GRID,347,0,580.0427,-25.0,2.72E-14,0
GRID,348,0,585.0855,-25.0,2.67E-14,0
GRID,349,0,590.1282,-25.0,2.61E-14,0
GRID,350,0,595.171,-25.0,2.56E-14,0
GRID,351,0,600.2137,-25.0,2.5E-14,0
GRID,352,0,605.2565,-25.0,2.45E-14,0
GRID,353,0,610.2992,-25.0,2.39E-14,0
GRID,354,0,615.342,-25.0,2.34E-14,0
GRID,355,0,620.3847,-25.0,2.29E-14,0
GRID,356,0,625.4275,-25.0,2.23E-14,0
GRID,357,0,630.4702,-25.0,2.18E-14,0
GRID,358,0,635.513,-25.0,2.12E-14,0
GRID,359,0,640.5557,-25.0,2.07E-14,0
GRID,360,0,645.5984,-25.0,2.01E-14,0
GRID,361,0,650.6412,-25.0,1.96E-14,0
GRID,362,0,655.6839,-25.0,1.9E-14,0
GRID,363,0,660.7267,-25.0,1.85E-14,0
GRID,364,0,665.7694,-25.0,1.8E-14,0
GRID,365,0,670.8122,-25.0,1.74E-14,0
GRID,366,0,675.8549,-25.0,1.69E-14,0
GRID,367,0,680.8977,-25.0,1.63E-14,0
GRID,368,0,685.9404,-25.0,1.58E-14,0
GRID,369,0,690.9832,-25.0,1.52E-14,0
GRID,370,0,696.0259,-25.0,1.47E-14,0
GRID,371,0,701.0687,-25.0,1.41E-14,0
GRID,372,0,706.1114,-25.0,1.36E-14,0
GRID,373,0,711.1541,-25.0,1.31E-14,0
GRID,374,0,716.1969,-25.0,1.25E-14,0
GRID,375,0,721.2396,-25.0,1.2E-14,0
GRID,376,0,726.2824,-25.0,1.14E-14,0
GRID,377,0,731.3251,-25.0,1.09E-14,0
GRID,378,0,736.3679,-25.0,1.03E-14,0
GRID,379,0,741.4106,-25.0,9.8E-15,0
GRID,380,0,746.4534,-25.0,9.25E-15,0
GRID,381,0,751.4961,-25.0,8.71E-15,0
GRID,382,0,756.5389,-25.0,8.16E-15,0
GRID,383,0,761.5816,-25.0,7.62E-15,0
GRID,384,0,766.6244,-25.0,7.07E-15,0
GRID,385,0,771.6671,-25.0,6.53E-15,0
GRID,386,0,776.7098,-25.0,5.99E-15,0
GRID,387,0,781.7526,-25.0,5.44E-15,0
GRID,388,0,786.7953,-25.0,4.9E-15,0
GRID,389,0,791.8381,-25.0,4.35E-15,0
GRID,390,0,796.8808,-25.0,3.81E-15,0
GRID,391,0,801.9236,-25.0,3.27E-15,0
GRID,392,0,806.9663,-25.0,2.72E-15,0
GRID,393,0,812.0091,-25.0,2.18E-15,0
GRID,394,0,817.0518,-25.0,1.63E-15,0
GRID,395,0,822.0946,-25.0,1.09E-15,0
GRID,396,0,827.1373,-25.0,5.44E-16,0
GRID,397,0,832.1801,-25.0,0.0,0
GRID,398,0,835.4074,-25.0,3.846154,0
GRID,399,0,838.6347,-25.0,7.692308,0
GRID,400,0,841.862,-25.0,11.53846,0
GRID,401,0,845.0893,-25.0,15.38462,0
GRID,402,0,848.3166,-25.0,19.23077,0
GRID,403,0,851.5439,-25.0,23.07692,0
GRID,404,0,854.7712,-25.0,26.92308,0
GRID,405,0,857.9985,-25.0,30.76923,0
GRID,406,0,861.2258,-25.0,34.61538,0
GRID,407,0,864.4531,-25.0,38.46154,0
GRID,408,0,867.6804,-25.0,42.30769,0
GRID,409,0,870.9077,-25.0,46.15385,0
GRID,410,0,874.135,-25.0,50.0,0
GRID,411,0,877.3623,-25.0,53.84615,0
GRID,412,0,880.5897,-25.0,57.69231,0
GRID,413,0,883.817,-25.0,61.53846,0
GRID,414,0,887.0443,-25.0,65.38462,0
GRID,415,0,890.2716,-25.0,69.23077,0
GRID,416,0,893.4989,-25.0,73.07692,0
GRID,417,0,896.7262,-25.0,76.92308,0
GRID,418,0,899.9535,-25.0,80.76923,0
GRID,419,0,903.1808,-25.0,84.61538,0
GRID,420,0,906.4081,-25.0,88.46154,0
GRID,421,0,909.6354,-25.0,92.30769,0
GRID,422,0,912.8627,-25.0,96.15385,0
GRID,423,0,916.09,-25.0,100.0,0
GRID,424,0,919.3173,-25.0,103.8462,0
GRID,425,0,922.5446,-25.0,107.6923,0
GRID,426,0,925.7719,-25.0,111.5385,0
GRID,427,0,928.9993,-25.0,115.3846,0
GRID,428,0,932.2266,-25.0,119.2308,0
GRID,429,0,935.4539,-25.0,123.0769,0
GRID,430,0,938.6812,-25.0,126.9231,0
GRID,431,0,941.9085,-25.0,130.7692,0
GRID,432,0,945.1358,-25.0,134.6154,0
GRID,433,0,948.3631,-25.0,138.4615,0
GRID,434,0,951.5904,-25.0,142.3077,0
GRID,435,0,954.8177,-25.0,146.1538,0
GRID,436,0,958.045,-25.0,150.0,0
GRID,437,0,961.2723,-25.0,153.8462,0
GRID,438,0,964.4996,-25.0,157.6923,0
GRID,439,0,967.7269,-25.0,161.5385,0
GRID,440,0,970.9542,-25.0,165.3846,0
GRID,441,0,974.1815,-25.0,169.2308,0
GRID,442,0,977.4089,-25.0,173.0769,0
GRID,443,0,980.6362,-25.0,176.9231,0
GRID,444,0,983.8635,-25.0,180.7692,0
GRID,445,0,987.0908,-25.0,184.6154,0
GRID,446,0,990.3181,-25.0,188.4615,0
GRID,447,0,993.5454,-25.0,192.3077,0
GRID,448,0,996.7727,-25.0,196.1538,0
GRID,449,0,1000.0,-25.0,200.0,0
GRID,450,0,1001.693,-25.0,195.3488,0
GRID,451,0,1003.386,-25.0,190.6977,0
GRID,452,0,1005.079,-25.0,186.0465,0
GRID,453,0,1006.772,-25.0,181.3953,0
GRID,454,0,1008.464,-25.0,176.7442,0
GRID,455,0,1010.157,-25.0,172.093,0
GRID,456,0,1011.85,-25.0,167.4419,0
GRID,457,0,1013.543,-25.0,162.7907,0
GRID,458,0,1015.236,-25.0,158.1395,0
GRID,459,0,1016.929,-25.0,153.4884,0
GRID,460,0,1018.622,-25.0,148.8372,0
GRID,461,0,1020.315,-25.0,144.186,0
GRID,462,0,1022.008,-25.0,139.5349,0
GRID,463,0,1023.7,-25.0,134.8837,0
GRID,464,0,1025.393,-25.0,130.2326,0
GRID,465,0,1027.086,-25.0,125.5814,0
GRID,466,0,1028.779,-25.0,120.9302,0
GRID,467,0,1030.472,-25.0,116.2791,0
GRID,468,0,1032.165,-25.0,111.6279,0
GRID,469,0,1033.858,-25.0,106.9767,0
GRID,470,0,1035.551,-25.0,102.3256,0
GRID,471,0,1037.243,-25.0,97.67442,0
GRID,472,0,1038.936,-25.0,93.02326,0
GRID,473,0,1040.629,-25.0,88.37209,0
GRID,474,0,1042.322,-25.0,83.72093,0
GRID,475,0,1044.015,-25.0,79.06977,0
GRID,476,0,1045.708,-25.0,74.4186,0
GRID,477,0,1047.401,-25.0,69.76744,0
GRID,478,0,1049.094,-25.0,65.11628,0
GRID,479,0,1050.787,-25.0,60.46512,0
GRID,480,0,1052.479,-25.0,55.81395,0
GRID,481,0,1054.172,-25.0,51.16279,0
GRID,482,0,1055.865,-25.0,46.51163,0
GRID,483,0,1057.558,-25.0,41.86047,0
GRID,484,0,1059.251,-25.0,37.2093,0
GRID,485,0,1060.944,-25.0,32.55814,0
GRID,486,0,1062.637,-25.0,27.90698,0
GRID,487,0,1064.33,-25.0,23.25581,0
GRID,488,0,1066.023,-25.0,18.60465,0
GRID,489,0,1067.715,-25.0,13.95349,0
GRID,490,0,1069.408,-25.0,9.302326,0
GRID,491,0,1071.101,-25.0,4.651163,0
GRID,492,0,1072.794,-25.0,-1.9E-13,0
GRID,493,0,1077.8,-25.0,-1.9E-13,0
GRID,494,0,1082.807,-25.0,-1.9E-13,0
GRID,495,0,1087.813,-25.0,-1.9E-13,0
GRID,496,0,1092.82,-25.0,-1.8E-13,0
GRID,497,0,1097.826,-25.0,-1.8E-13,0
GRID,498,0,1102.832,-25.0,-1.8E-13,0
GRID,499,0,1107.839,-25.0,-1.7E-13,0
GRID,500,0,1112.845,-25.0,-1.7E-13,0
GRID,501,0,1117.852,-25.0,-1.7E-13,0
GRID,502,0,1122.858,-25.0,-1.6E-13,0
GRID,503,0,1127.864,-25.0,-1.6E-13,0
GRID,504,0,1132.871,-25.0,-1.6E-13,0
GRID,505,0,1137.877,-25.0,-1.5E-13,0
GRID,506,0,1142.884,-25.0,-1.5E-13,0
GRID,507,0,1147.89,-25.0,-1.5E-13,0
GRID,508,0,1152.896,-25.0,-1.4E-13,0
GRID,509,0,1157.903,-25.0,-1.4E-13,0
GRID,510,0,1162.909,-25.0,-1.4E-13,0
GRID,511,0,1167.915,-25.0,-1.4E-13,0
GRID,512,0,1172.922,-25.0,-1.3E-13,0
GRID,513,0,1177.928,-25.0,-1.3E-13,0
GRID,514,0,1182.935,-25.0,-1.3E-13,0
GRID,515,0,1187.941,-25.0,-1.2E-13,0
GRID,516,0,1192.947,-25.0,-1.2E-13,0
GRID,517,0,1197.954,-25.0,-1.2E-13,0
GRID,518,0,1202.96,-25.0,-1.1E-13,0
GRID,519,0,1207.967,-25.0,-1.1E-13,0
GRID,520,0,1212.973,-25.0,-1.1E-13,0
GRID,521,0,1217.979,-25.0,-1.0E-13,0
GRID,522,0,1222.986,-25.0,-1.0E-13,0
GRID,523,0,1227.992,-25.0,-9.9E-14,0
GRID,524,0,1232.998,-25.0,-9.6E-14,0
GRID,525,0,1238.005,-25.0,-9.3E-14,0
GRID,526,0,1243.011,-25.0,-8.9E-14,0
GRID,527,0,1248.018,-25.0,-8.6E-14,0
GRID,528,0,1253.024,-25.0,-8.3E-14,0
GRID,529,0,1258.03,-25.0,-8.0E-14,0
GRID,530,0,1263.037,-25.0,-7.7E-14,0
GRID,531,0,1268.043,-25.0,-7.4E-14,0
GRID,532,0,1273.05,-25.0,-7.1E-14,0
GRID,533,0,1278.056,-25.0,-6.8E-14,0
GRID,534,0,1283.062,-25.0,-6.5E-14,0
GRID,535,0,1288.069,-25.0,-6.2E-14,0
GRID,536,0,1293.075,-25.0,-5.9E-14,0
GRID,537,0,1298.082,-25.0,-5.6E-14,0
GRID,538,0,1303.088,-25.0,-5.2E-14,0
GRID,539,0,1308.094,-25.0,-4.9E-14,0
GRID,540,0,1313.101,-25.0,-4.6E-14,0
GRID,541,0,1318.107,-25.0,-4.3E-14,0
GRID,542,0,1323.113,-25.0,-4.0E-14,0
GRID,543,0,1328.12,-25.0,-3.7E-14,0
GRID,544,0,1333.126,-25.0,-3.4E-14,0
GRID,545,0,1338.133,-25.0,-3.1E-14,0
GRID,546,0,1343.139,-25.0,-2.8E-14,0
GRID,547,0,1348.145,-25.0,-2.5E-14,0
GRID,548,0,1353.152,-25.0,-2.2E-14,0
GRID,549,0,1358.158,-25.0,-1.9E-14,0
GRID,550,0,1363.165,-25.0,-1.5E-14,0
GRID,551,0,1368.171,-25.0,-1.2E-14,0
GRID,552,0,1373.177,-25.0,-9.3E-15,0
GRID,553,0,1378.184,-25.0,-6.2E-15,0
GRID,554,0,1383.19,-25.0,-3.1E-15,0
GRID,555,0,1388.197,-25.0,0.0,0
GRID,556,0,1384.934,-25.0,3.789764,0
GRID,557,0,1381.794,-25.0,7.682251,0
GRID,558,0,1378.781,-25.0,11.67411,0
GRID,559,0,1375.901,-25.0,15.76199,0
GRID,560,0,1373.158,-25.0,19.94255,0
GRID,561,0,1370.556,-25.0,24.21243,0
GRID,562,0,1368.1,-25.0,28.56829,0
GRID,563,0,1365.793,-25.0,33.00496,0
GRID,564,0,1363.635,-25.0,37.51615,0
GRID,565,0,1361.628,-25.0,42.09671,0
GRID,566,0,1359.774,-25.0,46.74151,0
GRID,567,0,1358.077,-25.0,51.44539,0
GRID,568,0,1356.536,-25.0,56.20321,0
GRID,569,0,1355.156,-25.0,61.00981,0
GRID,570,0,1353.937,-25.0,65.85988,0
GRID,571,0,1352.881,-25.0,70.7479,0
GRID,572,0,1351.988,-25.0,75.6684,0
GRID,573,0,1351.259,-25.0,80.6159,0
GRID,574,0,1350.695,-25.0,85.58489,0
GRID,575,0,1350.297,-25.0,90.56991,0
GRID,576,0,1350.066,-25.0,95.56544,0
GRID,577,0,1350.001,-25.0,100.5659,0
GRID,578,0,1350.104,-25.0,105.5657,0
GRID,579,0,1350.373,-25.0,110.5594,0
GRID,580,0,1350.808,-25.0,115.5413,0
GRID,581,0,1351.409,-25.0,120.506,0
GRID,582,0,1352.175,-25.0,125.4479,0
GRID,583,0,1353.105,-25.0,130.3615,0
GRID,584,0,1354.199,-25.0,135.2412,0
GRID,585,0,1355.455,-25.0,140.0818,0
GRID,586,0,1356.872,-25.0,144.8778,0
GRID,587,0,1358.447,-25.0,149.6241,0
GRID,588,0,1360.18,-25.0,154.3153,0
GRID,589,0,1362.068,-25.0,158.9461,0
GRID,590,0,1364.109,-25.0,163.5113,0
GRID,591,0,1366.302,-25.0,168.0057,0
GRID,592,0,1368.644,-25.0,172.4245,0
GRID,593,0,1371.131,-25.0,176.7629,0
GRID,594,0,1373.762,-25.0,181.0161,0
GRID,595,0,1376.532,-25.0,185.1795,0
GRID,596,0,1379.44,-25.0,189.2481,0
GRID,597,0,1382.482,-25.0,193.2173,0
GRID,598,0,1385.655,-25.0,197.0826,0
GRID,599,0,1388.955,-25.0,200.8401,0
GRID,600,0,1392.378,-25.0,204.4856,0
GRID,601,0,1395.921,-25.0,208.0153,0
GRID,602,0,1399.579,-25.0,211.425,0
GRID,603,0,1403.349,-25.0,214.7109,0
GRID,604,0,1407.227,-25.0,217.8689,0
GRID,605,0,1411.208,-25.0,220.8956,0
GRID,606,0,1415.287,-25.0,223.7879,0
GRID,607,0,1419.461,-25.0,226.543,0
GRID,608,0,1423.724,-25.0,229.1576,0
GRID,609,0,1428.071,-25.0,231.6289,0
GRID,610,0,1432.499,-25.0,233.9538,0
GRID,611,0,1437.002,-25.0,236.1293,0
GRID,612,0,1441.575,-25.0,238.1532,0
GRID,613,0,1446.213,-25.0,240.0237,0
GRID,614,0,1450.91,-25.0,241.7388,0
GRID,615,0,1455.662,-25.0,243.2967,0
GRID,616,0,1460.464,-25.0,244.6955,0
GRID,617,0,1465.309,-25.0,245.9333,0
GRID,618,0,1470.193,-25.0,247.0084,0
GRID,619,0,1475.11,-25.0,247.9199,0
GRID,620,0,1480.055,-25.0,248.667,0
GRID,621,0,1485.022,-25.0,249.2492,0
GRID,622,0,1490.005,-25.0,249.6659,0
GRID,623,0,1495.0,-25.0,249.9164,0
GRID,624,0,1500.0,-25.0,250.0,0
GRID,625,0,1505.0,-25.0,249.9164,0
GRID,626,0,1509.995,-25.0,249.6659,0
GRID,627,0,1514.978,-25.0,249.2492,0
GRID,628,0,1519.945,-25.0,248.667,0
GRID,629,0,1524.89,-25.0,247.9199,0
GRID,630,0,1529.807,-25.0,247.0084,0
GRID,631,0,1534.691,-25.0,245.9333,0
GRID,632,0,1539.536,-25.0,244.6955,0
GRID,633,0,1544.338,-25.0,243.2967,0
GRID,634,0,1549.09,-25.0,241.7388,0
GRID,635,0,1553.787,-25.0,240.0237,0
GRID,636,0,1558.425,-25.0,238.1532,0
GRID,637,0,1562.998,-25.0,236.1293,0
GRID,638,0,1567.501,-25.0,233.9538,0
GRID,639,0,1571.929,-25.0,231.6289,0
GRID,640,0,1576.276,-25.0,229.1576,0
GRID,641,0,1580.539,-25.0,226.543,0
GRID,642,0,1584.713,-25.0,223.7879,0
GRID,643,0,1588.792,-25.0,220.8956,0
GRID,644,0,1592.773,-25.0,217.8689,0
GRID,645,0,1596.651,-25.0,214.7109,0
GRID,646,0,1600.421,-25.0,211.425,0
GRID,647,0,1604.079,-25.0,208.0153,0
GRID,648,0,1607.622,-25.0,204.4856,0
GRID,649,0,1611.045,-25.0,200.8401,0
GRID,650,0,1614.345,-25.0,197.0826,0
GRID,651,0,1617.518,-25.0,193.2173,0
GRID,652,0,1620.56,-25.0,189.2481,0
GRID,653,0,1623.468,-25.0,185.1795,0
GRID,654,0,1626.238,-25.0,181.0161,0
GRID,655,0,1628.869,-25.0,176.7629,0
GRID,656,0,1631.356,-25.0,172.4245,0
GRID,657,0,1633.698,-25.0,168.0057,0
GRID,658,0,1635.891,-25.0,163.5113,0
GRID,659,0,1637.932,-25.0,158.9461,0
GRID,660,0,1639.82,-25.0,154.3153,0
GRID,661,0,1641.553,-25.0,149.6241,0
GRID,662,0,1643.128,-25.0,144.8778,0
GRID,663,0,1644.545,-25.0,140.0818,0
GRID,664,0,1645.801,-25.0,135.2412,0
GRID,665,0,1646.895,-25.0,130.3615,0
GRID,666,0,1647.825,-25.0,125.4479,0
GRID,667,0,1648.591,-25.0,120.506,0
GRID,668,0,1649.192,-25.0,115.5413,0
GRID,669,0,1649.627,-25.0,110.5594,0
GRID,670,0,1649.896,-25.0,105.5657,0
GRID,671,0,1649.999,-25.0,100.5659,0
GRID,672,0,1649.934,-25.0,95.56544,0
GRID,673,0,1649.703,-25.0,90.56991,0
GRID,674,0,1649.305,-25.0,85.58489,0
GRID,675,0,1648.741,-25.0,80.6159,0
GRID,676,0,1648.012,-25.0,75.6684,0
GRID,677,0,1647.119,-25.0,70.7479,0
GRID,678,0,1646.063,-25.0,65.85988,0
GRID,679,0,1644.844,-25.0,61.00981,0
GRID,680,0,1643.464,-25.0,56.20321,0
GRID,681,0,1641.923,-25.0,51.44539,0
GRID,682,0,1640.226,-25.0,46.74151,0
GRID,683,0,1638.372,-25.0,42.09671,0
GRID,684,0,1636.365,-25.0,37.51615,0
GRID,685,0,1634.207,-25.0,33.00496,0
GRID,686,0,1631.9,-25.0,28.56829,0
GRID,687,0,1629.444,-25.0,24.21243,0
GRID,688,0,1626.842,-25.0,19.94255,0
GRID,689,0,1624.099,-25.0,15.76199,0
GRID,690,0,1621.219,-25.0,11.67411,0
GRID,691,0,1618.206,-25.0,7.682251,0
GRID,692,0,1615.066,-25.0,3.789764,0
GRID,693,0,1611.803,-25.0,-1.2E-13,0
GRID,694,0,1616.78,-25.0,-1.2E-13,0
GRID,695,0,1621.757,-25.0,-1.2E-13,0
GRID,696,0,1626.734,-25.0,-1.2E-13,0
GRID,697,0,1631.711,-25.0,-1.2E-13,0
GRID,698,0,1636.688,-25.0,-1.2E-13,0
GRID,699,0,1641.665,-25.0,-1.2E-13,0
GRID,700,0,1646.642,-25.0,-1.1E-13,0
GRID,701,0,1651.618,-25.0,-1.1E-13,0
GRID,702,0,1656.595,-25.0,-1.1E-13,0
GRID,703,0,1661.572,-25.0,-1.1E-13,0
GRID,704,0,1666.549,-25.0,-1.1E-13,0
GRID,705,0,1671.526,-25.0,-1.1E-13,0
GRID,706,0,1676.503,-25.0,-1.0E-13,0
GRID,707,0,1681.48,-25.0,-1.0E-13,0
GRID,708,0,1686.457,-25.0,-1.0E-13,0
GRID,709,0,1691.434,-25.0,-9.9E-14,0
GRID,710,0,1696.41,-25.0,-9.8E-14,0
GRID,711,0,1701.387,-25.0,-9.6E-14,0
GRID,712,0,1706.364,-25.0,-9.4E-14,0
GRID,713,0,1711.341,-25.0,-9.3E-14,0
GRID,714,0,1716.318,-25.0,-9.1E-14,0
GRID,715,0,1721.295,-25.0,-9.0E-14,0
GRID,716,0,1726.272,-25.0,-8.8E-14,0
GRID,717,0,1731.249,-25.0,-8.6E-14,0
GRID,718,0,1736.225,-25.0,-8.5E-14,0
GRID,719,0,1741.202,-25.0,-8.3E-14,0
GRID,720,0,1746.179,-25.0,-8.2E-14,0
GRID,721,0,1751.156,-25.0,-8.0E-14,0
GRID,722,0,1756.133,-25.0,-7.8E-14,0
GRID,723,0,1761.11,-25.0,-7.7E-14,0
GRID,724,0,1766.087,-25.0,-7.5E-14,0
GRID,725,0,1771.064,-25.0,-7.4E-14,0
GRID,726,0,1776.04,-25.0,-7.2E-14,0
GRID,727,0,1781.017,-25.0,-7.0E-14,0
GRID,728,0,1785.994,-25.0,-6.9E-14,0
GRID,729,0,1790.971,-25.0,-6.7E-14,0
GRID,730,0,1795.948,-25.0,-6.6E-14,0
GRID,731,0,1800.925,-25.0,-6.4E-14,0
GRID,732,0,1805.902,-25.0,-6.2E-14,0
GRID,733,0,1810.879,-25.0,-6.1E-14,0
GRID,734,0,1815.855,-25.0,-5.9E-14,0
GRID,735,0,1820.832,-25.0,-5.8E-14,0
GRID,736,0,1825.809,-25.0,-5.6E-14,0
GRID,737,0,1830.786,-25.0,-5.4E-14,0
GRID,738,0,1835.763,-25.0,-5.3E-14,0
GRID,739,0,1840.74,-25.0,-5.1E-14,0
GRID,740,0,1845.717,-25.0,-5.0E-14,0
GRID,741,0,1850.694,-25.0,-4.8E-14,0
GRID,742,0,1855.671,-25.0,-4.6E-14,0
GRID,743,0,1860.647,-25.0,-4.5E-14,0
GRID,744,0,1865.624,-25.0,-4.3E-14,0
GRID,745,0,1870.601,-25.0,-4.2E-14,0
GRID,746,0,1875.578,-25.0,-4.0E-14,0
GRID,747,0,1880.555,-25.0,-3.8E-14,0
GRID,748,0,1885.532,-25.0,-3.7E-14,0
GRID,749,0,1890.509,-25.0,-3.5E-14,0
GRID,750,0,1895.486,-25.0,-3.4E-14,0
GRID,751,0,1900.462,-25.0,-3.2E-14,0
GRID,752,0,1905.439,-25.0,-3.0E-14,0
GRID,753,0,1910.416,-25.0,-2.9E-14,0
GRID,754,0,1915.393,-25.0,-2.7E-14,0
GRID,755,0,1920.37,-25.0,-2.6E-14,0
GRID,756,0,1925.347,-25.0,-2.4E-14,0
GRID,757,0,1930.324,-25.0,-2.2E-14,0
GRID,758,0,1935.301,-25.0,-2.1E-14,0
GRID,759,0,1940.277,-25.0,-1.9E-14,0
GRID,760,0,1945.254,-25.0,-1.8E-14,0
GRID,761,0,1950.231,-25.0,-1.6E-14,0
GRID,762,0,1955.208,-25.0,-1.4E-14,0
GRID,763,0,1960.185,-25.0,-1.3E-14,0
GRID,764,0,1965.162,-25.0,-1.1E-14,0
GRID,765,0,1970.139,-25.0,-9.6E-15,0
GRID,766,0,1975.116,-25.0,-8.0E-15,0
GRID,767,0,1980.092,-25.0,-6.4E-15,0
GRID,768,0,1985.069,-25.0,-4.8E-15,0
GRID,769,0,1990.046,-25.0,-3.2E-15,0
GRID,770,0,1995.023,-25.0,-1.6E-15,0
GRID,771,0,2000.0,-25.0,0.0,0
GRID,772,0,2000.0,-25.0,5.0,0
GRID,773,0,2000.0,-25.0,10.0,0
GRID,774,0,2000.0,-25.0,15.0,0
GRID,775,0,2000.0,-25.0,20.0,0
GRID,776,0,2000.0,-25.0,25.0,0
GRID,777,0,2000.0,-25.0,30.0,0
GRID,778,0,2000.0,-25.0,35.0,0
GRID,779,0,2000.0,-25.0,40.0,0
GRID,780,0,2000.0,-25.0,45.0,0
GRID,781,0,2000.0,-25.0,50.0,0
GRID,782,0,2000.0,-25.0,55.0,0
GRID,783,0,2000.0,-25.0,60.0,0
GRID,784,0,2000.0,-25.0,65.0,0
GRID,785,0,2000.0,-25.0,70.0,0
GRID,786,0,2000.0,-25.0,75.0,0
GRID,787,0,2000.0,-25.0,80.0,0
GRID,788,0,2000.0,-25.0,85.0,0
GRID,789,0,2000.0,-25.0,90.0,0
GRID,790,0,2000.0,-25.0,95.0,0
GRID,791,0,2000.0,-25.0,100.0,0
GRID,792,0,2000.0,-25.0,105.0,0
GRID,793,0,2000.0,-25.0,110.0,0
GRID,794,0,2000.0,-25.0,115.0,0
GRID,795,0,2000.0,-25.0,120.0,0
GRID,796,0,2000.0,-25.0,125.0,0
GRID,797,0,2000.0,-25.0,130.0,0
GRID,798,0,2000.0,-25.0,135.0,0
GRID,799,0,2000.0,-25.0,140.0,0
GRID,800,0,2000.0,-25.0,145.0,0
GRID,801,0,2000.0,-25.0,150.0,0
GRID,802,0,2000.0,-25.0,155.0,0
GRID,803,0,2000.0,-25.0,160.0,0
GRID,804,0,2000.0,-25.0,165.0,0
GRID,805,0,2000.0,-25.0,170.0,0
GRID,806,0,2000.0,-25.0,175.0,0
GRID,807,0,2000.0,-25.0,180.0,0
GRID,808,0,2000.0,-25.0,185.0,0
GRID,809,0,2000.0,-25.0,190.0,0
GRID,810,0,2000.0,-25.0,195.0,0
GRID,811,0,2000.0,-25.0,200.0,0
GRID,812,0,2000.0,-25.0,205.0,0
GRID,813,0,2000.0,-25.0,210.0,0
GRID,814,0,2000.0,-25.0,215.0,0
GRID,815,0,2000.0,-25.0,220.0,0
GRID,816,0,2000.0,-25.0,225.0,0
GRID,817,0,2000.0,-25.0,230.0,0
GRID,818,0,2000.0,-25.0,235.0,0
GRID,819,0,2000.0,-25.0,240.0,0
GRID,820,0,2000.0,-25.0,245.0,0
GRID,821,0,2000.0,-25.0,250.0,0
GRID,822,0,2000.0,-25.0,255.0,0
GRID,823,0,2000.0,-25.0,260.0,0
GRID,824,0,2000.0,-25.0,265.0,0
GRID,825,0,2000.0,-25.0,270.0,0
GRID,826,0,2000.0,-25.0,275.0,0
GRID,827,0,2000.0,-25.0,280.0,0
GRID,828,0,2000.0,-25.0,285.0,0
GRID,829,0,2000.0,-25.0,290.0,0
GRID,830,0,2000.0,-25.0,295.0,0
GRID,831,0,2000.0,-25.0,300.0,0
GRID,832,0,2000.0,-25.0,305.0,0
GRID,833,0,2000.0,-25.0,310.0,0
GRID,834,0,2000.0,-25.0,315.0,0
GRID,835,0,2000.0,-25.0,320.0,0
GRID,836,0,2000.0,-25.0,325.0,0
GRID,837,0,2000.0,-25.0,330.0,0
GRID,838,0,2000.0,-25.0,335.0,0
GRID,839,0,2000.0,-25.0,340.0,0
GRID,840,0,2000.0,-25.0,345.0,0
GRID,841,0,2000.0,-25.0,350.0,0
GRID,842,0,2000.0,-25.0,355.0,0
GRID,843,0,2000.0,-25.0,360.0,0
GRID,844,0,2000.0,-25.0,365.0,0
GRID,845,0,2000.0,-25.0,370.0,0
GRID,846,0,2000.0,-25.0,375.0,0
GRID,847,0,2000.0,-25.0,380.0,0
GRID,848,0,2000.0,-25.0,385.0,0
GRID,849,0,2000.0,-25.0,390.0,0
GRID,850,0,2000.0,-25.0,395.0,0
GRID,851,0,2000.0,-25.0,400.0,0
GRID,852,0,2000.0,-25.0,405.0,0
GRID,853,0,2000.0,-25.0,410.0,0
GRID,854,0,2000.0,-25.0,415.0,0
GRID,855,0,2000.0,-25.0,420.0,0
GRID,856,0,2000.0,-25.0,425.0,0
GRID,857,0,2000.0,-25.0,430.0,0
GRID,858,0,2000.0,-25.0,435.0,0
GRID,859,0,2000.0,-25.0,440.0,0
GRID,860,0,2000.0,-25.0,445.0,0
GRID,861,0,2000.0,-25.0,450.0,0
GRID,862,0,2000.0,-25.0,455.0,0
GRID,863,0,2000.0,-25.0,460.0,0
GRID,864,0,2000.0,-25.0,465.0,0
GRID,865,0,2000.0,-25.0,470.0,0
GRID,866,0,2000.0,-25.0,475.0,0
GRID,867,0,2000.0,-25.0,480.0,0
GRID,868,0,2000.0,-25.0,485.0,0
GRID,869,0,2000.0,-25.0,490.0,0
GRID,870,0,2000.0,-25.0,495.0,0
GRID,871,0,2000.0,-25.0,500.0,0
GRID,872,0,2000.0,-25.0,505.0,0
GRID,873,0,2000.0,-25.0,510.0,0
GRID,874,0,2000.0,-25.0,515.0,0
GRID,875,0,2000.0,-25.0,520.0,0
GRID,876,0,2000.0,-25.0,525.0,0
GRID,877,0,2000.0,-25.0,530.0,0
GRID,878,0,2000.0,-25.0,535.0,0
GRID,879,0,2000.0,-25.0,540.0,0
GRID,880,0,2000.0,-25.0,545.0,0
GRID,881,0,2000.0,-25.0,550.0,0
GRID,882,0,2000.0,-25.0,555.0,0
GRID,883,0,2000.0,-25.0,560.0,0
GRID,884,0,2000.0,-25.0,565.0,0
GRID,885,0,2000.0,-25.0,570.0,0
GRID,886,0,2000.0,-25.0,575.0,0
GRID,887,0,2000.0,-25.0,580.0,0
GRID,888,0,2000.0,-25.0,585.0,0
GRID,889,0,2000.0,-25.0,590.0,0
GRID,890,0,2000.0,-25.0,595.0,0
GRID,891,0,2000.0,-25.0,600.0,0
GRID,892,0,2000.0,-25.0,605.0,0
GRID,893,0,2000.0,-25.0,610.0,0
GRID,894,0,2000.0,-25.0,615.0,0
GRID,895,0,2000.0,-25.0,620.0,0
GRID,896,0,2000.0,-25.0,625.0,0
GRID,897,0,2000.0,-25.0,630.0,0
GRID,898,0,2000.0,-25.0,635.0,0
GRID,899,0,2000.0,-25.0,640.0,0
GRID,900,0,2000.0,-25.0,645.0,0
GRID,901,0,2000.0,-25.0,650.0,0
$*
$* ELEMENT CARDS
$*
$*  Mesh Collector: Plotel Collector(1)
$*  Mesh: 1d_mesh(1)
PLOTEL,1,1,2
PLOTEL,2,2,3
PLOTEL,3,3,4
PLOTEL,4,4,5
PLOTEL,5,5,6
PLOTEL,6,6,7
PLOTEL,7,7,8
PLOTEL,8,8,9
PLOTEL,9,9,10
PLOTEL,10,10,11
PLOTEL,11,11,12
PLOTEL,12,12,13
PLOTEL,13,13,14
PLOTEL,14,14,15
PLOTEL,15,15,16
PLOTEL,16,16,17
PLOTEL,17,17,18
PLOTEL,18,18,19
PLOTEL,19,19,20
PLOTEL,20,20,21
PLOTEL,21,21,22
PLOTEL,22,22,23
PLOTEL,23,23,24
PLOTEL,24,24,25
PLOTEL,25,25,26
PLOTEL,26,26,27
PLOTEL,27,27,28
PLOTEL,28,28,29
PLOTEL,29,29,30
PLOTEL,30,30,31
PLOTEL,31,31,32
PLOTEL,32,32,33
PLOTEL,33,33,34
PLOTEL,34,34,35
PLOTEL,35,35,36
PLOTEL,36,36,37
PLOTEL,37,37,38
PLOTEL,38,38,39
PLOTEL,39,39,40
PLOTEL,40,40,41
PLOTEL,41,41,42
PLOTEL,42,42,43
PLOTEL,43,43,44
PLOTEL,44,44,45
PLOTEL,45,45,46
PLOTEL,46,46,47
PLOTEL,47,47,48
PLOTEL,48,48,49
PLOTEL,49,49,50
PLOTEL,50,50,51
PLOTEL,51,51,52
PLOTEL,52,52,53
PLOTEL,53,53,54
PLOTEL,54,54,55
PLOTEL,55,55,56
PLOTEL,56,56,57
PLOTEL,57,57,58
PLOTEL,58,58,59
PLOTEL,59,59,60
PLOTEL,60,60,61
PLOTEL,61,61,62
PLOTEL,62,62,63
PLOTEL,63,63,64
PLOTEL,64,64,65
PLOTEL,65,65,66
PLOTEL,66,66,67
PLOTEL,67,67,68
PLOTEL,68,68,69
PLOTEL,69,69,70
PLOTEL,70,70,71
PLOTEL,71,71,72
PLOTEL,72,72,73
PLOTEL,73,73,74
PLOTEL,74,74,75
PLOTEL,75,75,76
PLOTEL,76,76,77
PLOTEL,77,77,78
PLOTEL,78,78,79
PLOTEL,79,79,80
PLOTEL,80,80,81
PLOTEL,81,81,82
PLOTEL,82,82,83
PLOTEL,83,83,84
PLOTEL,84,84,85
PLOTEL,85,85,86
PLOTEL,86,86,87
PLOTEL,87,87,88
PLOTEL,88,88,89
PLOTEL,89,89,90
PLOTEL,90,90,91
PLOTEL,91,91,92
PLOTEL,92,92,93
PLOTEL,93,93,94
PLOTEL,94,94,95
PLOTEL,95,95,96
PLOTEL,96,96,97
PLOTEL,97,97,98
PLOTEL,98,98,99
PLOTEL,99,99,100
PLOTEL,100,100,101
PLOTEL,101,101,102
PLOTEL,102,102,103
PLOTEL,103,103,104
PLOTEL,104,104,105
PLOTEL,105,105,106
PLOTEL,106,106,107
PLOTEL,107,107,108
PLOTEL,108,108,109
PLOTEL,109,109,110
PLOTEL,110,110,111
PLOTEL,111,111,112
PLOTEL,112,112,113
PLOTEL,113,113,114
PLOTEL,114,114,115
PLOTEL,115,115,116
PLOTEL,116,116,117
PLOTEL,117,117,118
PLOTEL,118,118,119
PLOTEL,119,119,120
PLOTEL,120,120,121
PLOTEL,121,121,122
PLOTEL,122,122,123
PLOTEL,123,123,124
PLOTEL,124,124,125
PLOTEL,125,125,126
PLOTEL,126,126,127
PLOTEL,127,127,128
PLOTEL,128,128,129
PLOTEL,129,129,130
PLOTEL,130,130,131
PLOTEL,131,131,132
PLOTEL,132,132,133
PLOTEL,133,133,134
PLOTEL,134,134,135
PLOTEL,135,135,136
PLOTEL,136,136,137
PLOTEL,137,137,138
PLOTEL,138,138,139
PLOTEL,139,139,140
PLOTEL,140,140,141
PLOTEL,141,141,142
PLOTEL,142,142,143
PLOTEL,143,143,144
PLOTEL,144,144,145
PLOTEL,145,145,146
PLOTEL,146,146,147
PLOTEL,147,147,148
PLOTEL,148,148,149
PLOTEL,149,149,150
PLOTEL,150,150,151
PLOTEL,151,151,152
PLOTEL,152,152,153
PLOTEL,153,153,154
PLOTEL,154,154,155
PLOTEL,155,155,156
PLOTEL,156,156,157
PLOTEL,157,157,158
PLOTEL,158,158,159
PLOTEL,159,159,160
PLOTEL,160,160,161
PLOTEL,161,161,162
PLOTEL,162,162,163
PLOTEL,163,163,164
PLOTEL,164,164,165
PLOTEL,165,165,166
PLOTEL,166,166,167
PLOTEL,167,167,168
PLOTEL,168,168,169
PLOTEL,169,169,170
PLOTEL,170,170,171
PLOTEL,171,171,172
PLOTEL,172,172,173
PLOTEL,173,173,174
PLOTEL,174,174,175
PLOTEL,175,175,176
PLOTEL,176,176,177
PLOTEL,177,177,178
PLOTEL,178,178,179
PLOTEL,179,179,180
PLOTEL,180,180,181
PLOTEL,181,181,182
PLOTEL,182,182,183
PLOTEL,183,183,184
PLOTEL,184,184,185
PLOTEL,185,185,186
PLOTEL,186,186,187
PLOTEL,187,187,188
PLOTEL,188,188,189
PLOTEL,189,189,190
PLOTEL,190,190,191
PLOTEL,191,191,192
PLOTEL,192,192,193
PLOTEL,193,193,194
PLOTEL,194,194,195
PLOTEL,195,195,196
PLOTEL,196,196,197
PLOTEL,197,197,198
PLOTEL,198,198,199
PLOTEL,199,199,200
PLOTEL,200,200,201
PLOTEL,201,201,202
PLOTEL,202,202,203
PLOTEL,203,203,204
PLOTEL,204,204,205
PLOTEL,205,205,206
PLOTEL,206,206,207
PLOTEL,207,207,208
PLOTEL,208,208,209
PLOTEL,209,209,210
PLOTEL,210,210,211
PLOTEL,211,211,212
PLOTEL,212,212,213
PLOTEL,213,213,214
PLOTEL,214,214,215
PLOTEL,215,215,216
PLOTEL,216,216,217
PLOTEL,217,217,218
PLOTEL,218,218,219
PLOTEL,219,219,220
PLOTEL,220,220,221
PLOTEL,221,221,222
PLOTEL,222,222,223
PLOTEL,223,223,224
PLOTEL,224,224,225
PLOTEL,225,225,226
PLOTEL,226,226,227
PLOTEL,227,227,228
PLOTEL,228,228,229
PLOTEL,229,229,230
PLOTEL,230,230,231
PLOTEL,231,231,232
PLOTEL,232,232,233
PLOTEL,233,233,234
PLOTEL,234,234,235
PLOTEL,235,235,236
PLOTEL,236,236,237
PLOTEL,237,237,238
PLOTEL,238,238,239
PLOTEL,239,239,240
PLOTEL,240,240,241
PLOTEL,241,241,242
PLOTEL,242,242,243
PLOTEL,243,243,244
PLOTEL,244,244,245
PLOTEL,245,245,246
PLOTEL,246,246,247
PLOTEL,247,247,248
PLOTEL,248,248,249
PLOTEL,249,249,250
PLOTEL,250,250,251
PLOTEL,251,251,252
PLOTEL,252,252,253
PLOTEL,253,253,254
PLOTEL,254,254,255
PLOTEL,255,255,256
PLOTEL,256,256,257
PLOTEL,257,257,258
PLOTEL,258,258,259
PLOTEL,259,259,260
PLOTEL,260,260,261
PLOTEL,261,261,262
PLOTEL,262,262,263
PLOTEL,263,263,264
PLOTEL,264,264,265
PLOTEL,265,265,266
PLOTEL,266,266,267
PLOTEL,267,267,268
PLOTEL,268,268,269
PLOTEL,269,269,270
PLOTEL,270,270,271
PLOTEL,271,271,272
PLOTEL,272,272,273
PLOTEL,273,273,274
PLOTEL,274,274,275
PLOTEL,275,275,276
PLOTEL,276,276,277
PLOTEL,277,277,278
PLOTEL,278,278,279
PLOTEL,279,279,280
PLOTEL,280,280,281
PLOTEL,281,281,282
PLOTEL,282,282,283
PLOTEL,283,283,284
PLOTEL,284,284,285
PLOTEL,285,285,286
PLOTEL,286,286,287
PLOTEL,287,287,288
PLOTEL,288,288,289
PLOTEL,289,289,290
PLOTEL,290,290,291
PLOTEL,291,291,292
PLOTEL,292,292,293
PLOTEL,293,293,294
PLOTEL,294,294,295
PLOTEL,295,295,296
PLOTEL,296,296,297
PLOTEL,297,297,298
PLOTEL,298,298,299
PLOTEL,299,299,300
PLOTEL,300,300,301
PLOTEL,301,301,302
PLOTEL,302,302,303
PLOTEL,303,303,304
PLOTEL,304,304,305
PLOTEL,305,305,306
PLOTEL,306,306,307
PLOTEL,307,307,308
PLOTEL,308,308,309
PLOTEL,309,309,310
PLOTEL,310,310,311
PLOTEL,311,311,312
PLOTEL,312,312,313
PLOTEL,313,313,314
PLOTEL,314,314,315
PLOTEL,315,315,316
PLOTEL,316,316,317
PLOTEL,317,317,318
PLOTEL,318,318,319
PLOTEL,319,319,320
PLOTEL,320,320,321
PLOTEL,321,321,322
PLOTEL,322,322,323
PLOTEL,323,323,324
PLOTEL,324,324,325
PLOTEL,325,325,326
PLOTEL,326,326,327
PLOTEL,327,327,328
PLOTEL,328,328,329
PLOTEL,329,329,330
PLOTEL,330,330,331
PLOTEL,331,331,332
PLOTEL,332,332,333
PLOTEL,333,333,334
PLOTEL,334,334,335
PLOTEL,335,335,336
PLOTEL,336,336,337
PLOTEL,337,337,338
PLOTEL,338,338,339
PLOTEL,339,339,340
PLOTEL,340,340,341
PLOTEL,341,341,342
PLOTEL,342,342,343
PLOTEL,343,343,344
PLOTEL,344,344,345
PLOTEL,345,345,346
PLOTEL,346,346,347
PLOTEL,347,347,348
PLOTEL,348,348,349
PLOTEL,349,349,350
PLOTEL,350,350,351
PLOTEL,351,351,352
PLOTEL,352,352,353
PLOTEL,353,353,354
PLOTEL,354,354,355
PLOTEL,355,355,356
PLOTEL,356,356,357
PLOTEL,357,357,358
PLOTEL,358,358,359
PLOTEL,359,359,360
PLOTEL,360,360,361
PLOTEL,361,361,362
PLOTEL,362,362,363
PLOTEL,363,363,364
PLOTEL,364,364,365
PLOTEL,365,365,366
PLOTEL,366,366,367
PLOTEL,367,367,368
PLOTEL,368,368,369
PLOTEL,369,369,370
PLOTEL,370,370,371
PLOTEL,371,371,372
PLOTEL,372,372,373
PLOTEL,373,373,374
PLOTEL,374,374,375
PLOTEL,375,375,376
PLOTEL,376,376,377
PLOTEL,377,377,378
PLOTEL,378,378,379
PLOTEL,379,379,380
PLOTEL,380,380,381
PLOTEL,381,381,382
PLOTEL,382,382,383
PLOTEL,383,383,384
PLOTEL,384,384,385
PLOTEL,385,385,386
PLOTEL,386,386,387
PLOTEL,387,387,388
PLOTEL,388,388,389
PLOTEL,389,389,390
PLOTEL,390,390,391
PLOTEL,391,391,392
PLOTEL,392,392,393
PLOTEL,393,393,394
PLOTEL,394,394,395
PLOTEL,395,395,396
PLOTEL,396,396,397
PLOTEL,397,397,398
PLOTEL,398,398,399
PLOTEL,399,399,400
PLOTEL,400,400,401
PLOTEL,401,401,402
PLOTEL,402,402,403
PLOTEL,403,403,404
PLOTEL,404,404,405
PLOTEL,405,405,406
PLOTEL,406,406,407
PLOTEL,407,407,408
PLOTEL,408,408,409
PLOTEL,409,409,410
PLOTEL,410,410,411
PLOTEL,411,411,412
PLOTEL,412,412,413
PLOTEL,413,413,414
PLOTEL,414,414,415
PLOTEL,415,415,416
PLOTEL,416,416,417
PLOTEL,417,417,418
PLOTEL,418,418,419
PLOTEL,419,419,420
PLOTEL,420,420,421
PLOTEL,421,421,422
PLOTEL,422,422,423
PLOTEL,423,423,424
PLOTEL,424,424,425
PLOTEL,425,425,426
PLOTEL,426,426,427
PLOTEL,427,427,428
PLOTEL,428,428,429
PLOTEL,429,429,430
PLOTEL,430,430,431
PLOTEL,431,431,432
PLOTEL,432,432,433
PLOTEL,433,433,434
PLOTEL,434,434,435
PLOTEL,435,435,436
PLOTEL,436,436,437
PLOTEL,437,437,438
PLOTEL,438,438,439
PLOTEL,439,439,440
PLOTEL,440,440,441
PLOTEL,441,441,442
PLOTEL,442,442,443
PLOTEL,443,443,444
PLOTEL,444,444,445
PLOTEL,445,445,446
PLOTEL,446,446,447
PLOTEL,447,447,448
PLOTEL,448,448,449
PLOTEL,449,449,450
PLOTEL,450,450,451
PLOTEL,451,451,452
PLOTEL,452,452,453
PLOTEL,453,453,454
PLOTEL,454,454,455
PLOTEL,455,455,456
PLOTEL,456,456,457
PLOTEL,457,457,458
PLOTEL,458,458,459
PLOTEL,459,459,460
PLOTEL,460,460,461
PLOTEL,461,461,462
PLOTEL,462,462,463
PLOTEL,463,463,464
PLOTEL,464,464,465
PLOTEL,465,465,466
PLOTEL,466,466,467
PLOTEL,467,467,468
PLOTEL,468,468,469
PLOTEL,469,469,470
PLOTEL,470,470,471
PLOTEL,471,471,472
PLOTEL,472,472,473
PLOTEL,473,473,474
PLOTEL,474,474,475
PLOTEL,475,475,476
PLOTEL,476,476,477
PLOTEL,477,477,478
PLOTEL,478,478,479
PLOTEL,479,479,480
PLOTEL,480,480,481
PLOTEL,481,481,482
PLOTEL,482,482,483
PLOTEL,483,483,484
PLOTEL,484,484,485
PLOTEL,485,485,486
PLOTEL,486,486,487
PLOTEL,487,487,488
PLOTEL,488,488,489
PLOTEL,489,489,490
PLOTEL,490,490,491
PLOTEL,491,491,492
PLOTEL,492,492,493
PLOTEL,493,493,494
PLOTEL,494,494,495
PLOTEL,495,495,496
PLOTEL,496,496,497
PLOTEL,497,497,498
PLOTEL,498,498,499
PLOTEL,499,499,500
PLOTEL,500,500,501
PLOTEL,501,501,502
PLOTEL,502,502,503
PLOTEL,503,503,504
PLOTEL,504,504,505
PLOTEL,505,505,506
PLOTEL,506,506,507
PLOTEL,507,507,508
PLOTEL,508,508,509
PLOTEL,509,509,510
PLOTEL,510,510,511
PLOTEL,511,511,512
PLOTEL,512,512,513
PLOTEL,513,513,514
PLOTEL,514,514,515
PLOTEL,515,515,516
PLOTEL,516,516,517
PLOTEL,517,517,518
PLOTEL,518,518,519
PLOTEL,519,519,520
PLOTEL,520,520,521
PLOTEL,521,521,522
PLOTEL,522,522,523
PLOTEL,523,523,524
PLOTEL,524,524,525
PLOTEL,525,525,526
PLOTEL,526,526,527
PLOTEL,527,527,528
PLOTEL,528,528,529
PLOTEL,529,529,530
PLOTEL,530,530,531
PLOTEL,531,531,532
PLOTEL,532,532,533
PLOTEL,533,533,534
PLOTEL,534,534,535
PLOTEL,535,535,536
PLOTEL,536,536,537
PLOTEL,537,537,538
PLOTEL,538,538,539
PLOTEL,539,539,540
PLOTEL,540,540,541
PLOTEL,541,541,542
PLOTEL,542,542,543
PLOTEL,543,543,544
PLOTEL,544,544,545
PLOTEL,545,545,546
PLOTEL,546,546,547
PLOTEL,547,547,548
PLOTEL,548,548,549
PLOTEL,549,549,550
PLOTEL,550,550,551
PLOTEL,551,551,552
PLOTEL,552,552,553
PLOTEL,553,553,554
PLOTEL,554,554,555
PLOTEL,555,555,556
PLOTEL,556,556,557
PLOTEL,557,557,558
PLOTEL,558,558,559
PLOTEL,559,559,560
PLOTEL,560,560,561
PLOTEL,561,561,562
PLOTEL,562,562,563
PLOTEL,563,563,564
PLOTEL,564,564,565
PLOTEL,565,565,566
PLOTEL,566,566,567
PLOTEL,567,567,568
PLOTEL,568,568,569
PLOTEL,569,569,570
PLOTEL,570,570,571
PLOTEL,571,571,572
PLOTEL,572,572,573
PLOTEL,573,573,574
PLOTEL,574,574,575
PLOTEL,575,575,576
PLOTEL,576,576,577
PLOTEL,577,577,578
PLOTEL,578,578,579
PLOTEL,579,579,580
PLOTEL,580,580,581
PLOTEL,581,581,582
PLOTEL,582,582,583
PLOTEL,583,583,584
PLOTEL,584,584,585
PLOTEL,585,585,586
PLOTEL,586,586,587
PLOTEL,587,587,588
PLOTEL,588,588,589
PLOTEL,589,589,590
PLOTEL,590,590,591
PLOTEL,591,591,592
PLOTEL,592,592,593
PLOTEL,593,593,594
PLOTEL,594,594,595
PLOTEL,595,595,596
PLOTEL,596,596,597
PLOTEL,597,597,598
PLOTEL,598,598,599
PLOTEL,599,599,600
PLOTEL,600,600,601
PLOTEL,601,601,602
PLOTEL,602,602,603
PLOTEL,603,603,604
PLOTEL,604,604,605
PLOTEL,605,605,606
PLOTEL,606,606,607
PLOTEL,607,607,608
PLOTEL,608,608,609
PLOTEL,609,609,610
PLOTEL,610,610,611
PLOTEL,611,611,612
PLOTEL,612,612,613
PLOTEL,613,613,614
PLOTEL,614,614,615
PLOTEL,615,615,616
PLOTEL,616,616,617
PLOTEL,617,617,618
PLOTEL,618,618,619
PLOTEL,619,619,620
PLOTEL,620,620,621
PLOTEL,621,621,622
PLOTEL,622,622,623
PLOTEL,623,623,624
PLOTEL,624,624,625
PLOTEL,625,625,626
PLOTEL,626,626,627
PLOTEL,627,627,628
PLOTEL,628,628,629
PLOTEL,629,629,630
PLOTEL,630,630,631
PLOTEL,631,631,632
PLOTEL,632,632,633
PLOTEL,633,633,634
PLOTEL,634,634,635
PLOTEL,635,635,636
PLOTEL,636,636,637
PLOTEL,637,637,638
PLOTEL,638,638,639
PLOTEL,639,639,640
PLOTEL,640,640,641
PLOTEL,641,641,642
PLOTEL,642,642,643
PLOTEL,643,643,644
PLOTEL,644,644,645
PLOTEL,645,645,646
PLOTEL,646,646,647
PLOTEL,647,647,648
PLOTEL,648,648,649
PLOTEL,649,649,650
PLOTEL,650,650,651
PLOTEL,651,651,652
PLOTEL,652,652,653
PLOTEL,653,653,654
PLOTEL,654,654,655
PLOTEL,655,655,656
PLOTEL,656,656,657
PLOTEL,657,657,658
PLOTEL,658,658,659
PLOTEL,659,659,660
PLOTEL,660,660,661
PLOTEL,661,661,662
PLOTEL,662,662,663
PLOTEL,663,663,664
PLOTEL,664,664,665
PLOTEL,665,665,666
PLOTEL,666,666,667
PLOTEL,667,667,668
PLOTEL,668,668,669
PLOTEL,669,669,670
PLOTEL,670,670,671
PLOTEL,671,671,672
PLOTEL,672,672,673
PLOTEL,673,673,674
PLOTEL,674,674,675
PLOTEL,675,675,676
PLOTEL,676,676,677
PLOTEL,677,677,678
PLOTEL,678,678,679
PLOTEL,679,679,680
PLOTEL,680,680,681
PLOTEL,681,681,682
PLOTEL,682,682,683
PLOTEL,683,683,684
PLOTEL,684,684,685
PLOTEL,685,685,686
PLOTEL,686,686,687
PLOTEL,687,687,688
PLOTEL,688,688,689
PLOTEL,689,689,690
PLOTEL,690,690,691
PLOTEL,691,691,692
PLOTEL,692,692,693
PLOTEL,693,693,694
PLOTEL,694,694,695
PLOTEL,695,695,696
PLOTEL,696,696,697
PLOTEL,697,697,698
PLOTEL,698,698,699
PLOTEL,699,699,700
PLOTEL,700,700,701
PLOTEL,701,701,702
PLOTEL,702,702,703
PLOTEL,703,703,704
PLOTEL,704,704,705
PLOTEL,705,705,706
PLOTEL,706,706,707
PLOTEL,707,707,708
PLOTEL,708,708,709
PLOTEL,709,709,710
PLOTEL,710,710,711
PLOTEL,711,711,712
PLOTEL,712,712,713
PLOTEL,713,713,714
PLOTEL,714,714,715
PLOTEL,715,715,716
PLOTEL,716,716,717
PLOTEL,717,717,718
PLOTEL,718,718,719
PLOTEL,719,719,720
PLOTEL,720,720,721
PLOTEL,721,721,722
PLOTEL,722,722,723
PLOTEL,723,723,724
PLOTEL,724,724,725
PLOTEL,725,725,726
PLOTEL,726,726,727
PLOTEL,727,727,728
PLOTEL,728,728,729
PLOTEL,729,729,730
PLOTEL,730,730,731
PLOTEL,731,731,732
PLOTEL,732,732,733
PLOTEL,733,733,734
PLOTEL,734,734,735
PLOTEL,735,735,736
PLOTEL,736,736,737
PLOTEL,737,737,738
PLOTEL,738,738,739
PLOTEL,739,739,740
PLOTEL,740,740,741
PLOTEL,741,741,742
PLOTEL,742,742,743
PLOTEL,743,743,744
PLOTEL,744,744,745
PLOTEL,745,745,746
PLOTEL,746,746,747
PLOTEL,747,747,748
PLOTEL,748,748,749
PLOTEL,749,749,750
PLOTEL,750,750,751
PLOTEL,751,751,752
PLOTEL,752,752,753
PLOTEL,753,753,754
PLOTEL,754,754,755
PLOTEL,755,755,756
PLOTEL,756,756,757
PLOTEL,757,757,758
PLOTEL,758,758,759
PLOTEL,759,759,760
PLOTEL,760,760,761
PLOTEL,761,761,762
PLOTEL,762,762,763
PLOTEL,763,763,764
PLOTEL,764,764,765
PLOTEL,765,765,766
PLOTEL,766,766,767
PLOTEL,767,767,768
PLOTEL,768,768,769
PLOTEL,769,769,770
PLOTEL,770,770,771
PLOTEL,771,771,772
PLOTEL,772,772,773
PLOTEL,773,773,774
PLOTEL,774,774,775
PLOTEL,775,775,776
PLOTEL,776,776,777
PLOTEL,777,777,778
PLOTEL,778,778,779
PLOTEL,779,779,780
PLOTEL,780,780,781
PLOTEL,781,781,782
PLOTEL,782,782,783
PLOTEL,783,783,784
PLOTEL,784,784,785
PLOTEL,785,785,786
PLOTEL,786,786,787
PLOTEL,787,787,788
PLOTEL,788,788,789
PLOTEL,789,789,790
PLOTEL,790,790,791
PLOTEL,791,791,792
PLOTEL,792,792,793
PLOTEL,793,793,794
PLOTEL,794,794,795
PLOTEL,795,795,796
PLOTEL,796,796,797
PLOTEL,797,797,798
PLOTEL,798,798,799
PLOTEL,799,799,800
PLOTEL,800,800,801
PLOTEL,801,801,802
PLOTEL,802,802,803
PLOTEL,803,803,804
PLOTEL,804,804,805
PLOTEL,805,805,806
PLOTEL,806,806,807
PLOTEL,807,807,808
PLOTEL,808,808,809
PLOTEL,809,809,810
PLOTEL,810,810,811
PLOTEL,811,811,812
PLOTEL,812,812,813
PLOTEL,813,813,814
PLOTEL,814,814,815
PLOTEL,815,815,816
PLOTEL,816,816,817
PLOTEL,817,817,818
PLOTEL,818,818,819
PLOTEL,819,819,820
PLOTEL,820,820,821
PLOTEL,821,821,822
PLOTEL,822,822,823
PLOTEL,823,823,824
PLOTEL,824,824,825
PLOTEL,825,825,826
PLOTEL,826,826,827
PLOTEL,827,827,828
PLOTEL,828,828,829
PLOTEL,829,829,830
PLOTEL,830,830,831
PLOTEL,831,831,832
PLOTEL,832,832,833
PLOTEL,833,833,834
PLOTEL,834,834,835
PLOTEL,835,835,836
PLOTEL,836,836,837
PLOTEL,837,837,838
PLOTEL,838,838,839
PLOTEL,839,839,840
PLOTEL,840,840,841
PLOTEL,841,841,842
PLOTEL,842,842,843
PLOTEL,843,843,844
PLOTEL,844,844,845
PLOTEL,845,845,846
PLOTEL,846,846,847
PLOTEL,847,847,848
PLOTEL,848,848,849
PLOTEL,849,849,850
PLOTEL,850,850,851
PLOTEL,851,851,852
PLOTEL,852,852,853
PLOTEL,853,853,854
PLOTEL,854,854,855
PLOTEL,855,855,856
PLOTEL,856,856,857
PLOTEL,857,857,858
PLOTEL,858,858,859
PLOTEL,859,859,860
PLOTEL,860,860,861
PLOTEL,861,861,862
PLOTEL,862,862,863
PLOTEL,863,863,864
PLOTEL,864,864,865
PLOTEL,865,865,866
PLOTEL,866,866,867
PLOTEL,867,867,868
PLOTEL,868,868,869
PLOTEL,869,869,870
PLOTEL,870,870,871
PLOTEL,871,871,872
PLOTEL,872,872,873
PLOTEL,873,873,874
PLOTEL,874,874,875
PLOTEL,875,875,876
PLOTEL,876,876,877
PLOTEL,877,877,878
PLOTEL,878,878,879
PLOTEL,879,879,880
PLOTEL,880,880,881
PLOTEL,881,881,882
PLOTEL,882,882,883
PLOTEL,883,883,884
PLOTEL,884,884,885
PLOTEL,885,885,886
PLOTEL,886,886,887
PLOTEL,887,887,888
PLOTEL,888,888,889
PLOTEL,889,889,890
PLOTEL,890,890,891
PLOTEL,891,891,892
PLOTEL,892,892,893
PLOTEL,893,893,894
PLOTEL,894,894,895
PLOTEL,895,895,896
PLOTEL,896,896,897
PLOTEL,897,897,898
PLOTEL,898,898,899
PLOTEL,899,899,900
PLOTEL,900,900,901
ENDDATA
