         3      0.2317186300E-01        0.2207653512E-01        0.1600000000E-02
         3      0.2243257424E-01        0.5301678608E-01        0.1600000000E-02
         3      0.2275637453E-01        0.8754485769E-01        0.1600000000E-02
         3      0.2257770347E-01        0.1230704671E+00        0.1600000000E-02
         3      0.2148074492E-01        0.1585573533E+00        0.1600000000E-02
         3      0.2107500660E-01        0.1953209281E+00        0.1600000000E-02
         3      0.2166529221E-01        0.2313439273E+00        0.1600000000E-02
         3      0.2189935601E-01        0.2667757445E+00        0.1600000000E-02
         3      0.2141255336E-01        0.3022344175E+00        0.1600000000E-02
         3      0.2106571484E-01        0.3391942737E+00        0.1600000000E-02
         3      0.2180687266E-01        0.3759091442E+00        0.1600000000E-02
         3      0.2269841162E-01        0.4458533214E+00        0.1600000000E-02
         3      0.2278021867E-01        0.4778953567E+00        0.1600000000E-02
         3      0.5972922221E-01        0.2284568407E-01        0.1600000000E-02
         3      0.7321238001E-01        0.6005095315E-01        0.1600000000E-02
         3      0.6261354008E-01        0.9803088744E-01        0.1600000000E-02
         3      0.1032459603E+00        0.9237679842E-01        0.1600000000E-02
         3      0.6626553884E-01        0.1346804432E+00        0.1600000000E-02
         3      0.6138416551E-01        0.1725504076E+00        0.1600000000E-02
         3      0.6365668494E-01        0.2107815140E+00        0.1600000000E-02
         3      0.6409062242E-01        0.2483928866E+00        0.1600000000E-02
         3      0.6631451987E-01        0.2847622781E+00        0.1600000000E-02
         3      0.5996917830E-01        0.3222570635E+00        0.1600000000E-02
         3      0.6233541122E-01        0.3641923722E+00        0.1600000000E-02
         3      0.2268655631E-01        0.4113516456E+00        0.1600000000E-02
         3      0.5970320118E-01        0.4778749762E+00        0.1600000000E-02
         3      0.9710728815E-01        0.2257347597E-01        0.1600000000E-02
         3      0.1360653398E+00        0.2197860466E-01        0.1600000000E-02
         3      0.1197109193E+00        0.5423705376E-01        0.1600000000E-02
         3      0.1405828712E+00        0.1112679919E+00        0.1600000000E-02
         3      0.1083254446E+00        0.1312509926E+00        0.1600000000E-02
         3      0.1042383083E+00        0.1665043131E+00        0.1600000000E-02
         3      0.1049123516E+00        0.2036139577E+00        0.1600000000E-02
         3      0.1057085834E+00        0.2403486775E+00        0.1600000000E-02
         3      0.1092662268E+00        0.2776351856E+00        0.1600000000E-02
         3      0.9754408608E-01        0.3538994092E+00        0.1600000000E-02
         3      0.6318072564E-01        0.4022248597E+00        0.1600000000E-02
         3      0.7284863859E-01        0.4402229508E+00        0.1600000000E-02
         3      0.9552292137E-01        0.4779356483E+00        0.1600000000E-02
         3      0.1723549098E+00        0.2132514308E-01        0.1600000000E-02
         3      0.1872094664E+00        0.5556723042E-01        0.1600000000E-02
         3      0.1527711610E+00        0.7425175100E-01        0.1600000000E-02
         3      0.1841192352E+00        0.1018525871E+00        0.1600000000E-02
         3      0.1598387710E+00        0.1427647340E+00        0.1600000000E-02
         3      0.1430916741E+00        0.1761493967E+00        0.1600000000E-02
         3      0.1456823111E+00        0.2151624053E+00        0.1600000000E-02
         3      0.1463485833E+00        0.2547551174E+00        0.1600000000E-02
         3      0.1457570033E+00        0.2971106979E+00        0.1600000000E-02
         3      0.1025612564E+00        0.3139949220E+00        0.1600000000E-02
         3      0.1246281767E+00        0.3772266468E+00        0.1600000000E-02
         3      0.1011152777E+00        0.4068588189E+00        0.1600000000E-02
         3      0.1333084821E+00        0.4781073569E+00        0.1600000000E-02
         3      0.2117546641E+00        0.2103903194E-01        0.1600000000E-02
         3      0.2259932174E+00        0.6282096658E-01        0.1600000000E-02
         3      0.2193581525E+00        0.1032688351E+00        0.1600000000E-02
         3      0.1985871839E+00        0.1426512846E+00        0.1600000000E-02
         3      0.1843988126E+00        0.1830326964E+00        0.1600000000E-02
         3      0.1848931048E+00        0.2219740675E+00        0.1600000000E-02
         3      0.1846581017E+00        0.2620112592E+00        0.1600000000E-02
         3      0.1846662360E+00        0.3006319141E+00        0.1600000000E-02
         3      0.1804571696E+00        0.3382831439E+00        0.1600000000E-02
         3      0.1388224878E+00        0.3356058117E+00        0.1600000000E-02
         3      0.1459706555E+00        0.4118355695E+00        0.1600000000E-02
         3      0.1207458059E+00        0.4436430514E+00        0.1600000000E-02
         3      0.1719664959E+00        0.4794910257E+00        0.1600000000E-02
         3      0.2488147231E+00        0.2181920229E-01        0.1600000000E-02
         3      0.2646273525E+00        0.6118286751E-01        0.1600000000E-02
         3      0.2562843101E+00        0.1040491150E+00        0.1600000000E-02
         3      0.2378752568E+00        0.1440354018E+00        0.1600000000E-02
         3      0.2231652119E+00        0.1828718321E+00        0.1600000000E-02
         3      0.2239048142E+00        0.2219763259E+00        0.1600000000E-02
         3      0.2239320473E+00        0.2611662432E+00        0.1600000000E-02
         3      0.2240733860E+00        0.3005584268E+00        0.1600000000E-02
         3      0.2230889428E+00        0.3388763362E+00        0.1600000000E-02
         3      0.1654270700E+00        0.3735513376E+00        0.1600000000E-02
         3      0.1901065908E+00        0.4069695418E+00        0.1600000000E-02
         3      0.1707885395E+00        0.4441818117E+00        0.1600000000E-02
         3      0.2098799138E+00        0.4780727727E+00        0.1600000000E-02
         3      0.2860573762E+00        0.2139493127E-01        0.1600000000E-02
         3      0.3036224999E+00        0.6100628853E-01        0.1600000000E-02
         3      0.2924962151E+00        0.1031462014E+00        0.1600000000E-02
         3      0.2784151781E+00        0.1429661766E+00        0.1600000000E-02
         3      0.2630539200E+00        0.1819188676E+00        0.1600000000E-02
         3      0.2636641895E+00        0.2205374779E+00        0.1600000000E-02
         3      0.2633528939E+00        0.2595322876E+00        0.1600000000E-02
         3      0.2634558964E+00        0.2984492885E+00        0.1600000000E-02
         3      0.2638009880E+00        0.3378199345E+00        0.1600000000E-02
         3      0.2099922334E+00        0.3736683572E+00        0.1600000000E-02
         3      0.2356760600E+00        0.4056119095E+00        0.1600000000E-02
         3      0.2162400152E+00        0.4406912614E+00        0.1600000000E-02
         3      0.2476440476E+00        0.4789835034E+00        0.1600000000E-02
         3      0.3234343854E+00        0.2135945867E-01        0.1600000000E-02
         3      0.3423875087E+00        0.6107517383E-01        0.1600000000E-02
         3      0.3286442995E+00        0.1034799268E+00        0.1600000000E-02
         3      0.3193017469E+00        0.1432049965E+00        0.1600000000E-02
         3      0.3025165919E+00        0.1812705102E+00        0.1600000000E-02
         3      0.3033175075E+00        0.2204218288E+00        0.1600000000E-02
         3      0.3032086909E+00        0.2592919610E+00        0.1600000000E-02
         3      0.3024582646E+00        0.2981034783E+00        0.1600000000E-02
         3      0.3034887024E+00        0.3377484754E+00        0.1600000000E-02
         3      0.2571038329E+00        0.3743104329E+00        0.1600000000E-02
         3      0.2812749110E+00        0.4078084508E+00        0.1600000000E-02
         3      0.2602641533E+00        0.4425349963E+00        0.1600000000E-02
         3      0.2859695397E+00        0.4786063308E+00        0.1600000000E-02
         3      0.3610326068E+00        0.2158419731E-01        0.1600000000E-02
         3      0.3806624640E+00        0.6214753467E-01        0.1600000000E-02
         3      0.3647108476E+00        0.1043425478E+00        0.1600000000E-02
         3      0.3603205413E+00        0.1438018563E+00        0.1600000000E-02
         3      0.3422907648E+00        0.1815389091E+00        0.1600000000E-02
         3      0.3428869529E+00        0.2202590710E+00        0.1600000000E-02
         3      0.3432195027E+00        0.2591511143E+00        0.1600000000E-02
         3      0.3417697762E+00        0.2977055125E+00        0.1600000000E-02
         3      0.3428175045E+00        0.3373055446E+00        0.1600000000E-02
         3      0.3018925509E+00        0.3749343681E+00        0.1600000000E-02
         3      0.3265184437E+00        0.4080832336E+00        0.1600000000E-02
         3      0.3059495282E+00        0.4433517433E+00        0.1600000000E-02
         3      0.3246206393E+00        0.4785128682E+00        0.1600000000E-02
         3      0.3981426572E+00        0.2135959156E-01        0.1600000000E-02
         3      0.4186077196E+00        0.6157645248E-01        0.1600000000E-02
         3      0.4011013265E+00        0.1044135962E+00        0.1600000000E-02
         3      0.4017456816E+00        0.1439522462E+00        0.1600000000E-02
         3      0.3825819581E+00        0.1814828267E+00        0.1600000000E-02
         3      0.3824938076E+00        0.2201825109E+00        0.1600000000E-02
         3      0.3830365795E+00        0.2593420162E+00        0.1600000000E-02
         3      0.3813922307E+00        0.2979145407E+00        0.1600000000E-02
         3      0.3819206716E+00        0.3373727076E+00        0.1600000000E-02
         3      0.3463154998E+00        0.3746476478E+00        0.1600000000E-02
         3      0.3711350154E+00        0.4075046530E+00        0.1600000000E-02
         3      0.3521007225E+00        0.4436718733E+00        0.1600000000E-02
         3      0.3634234059E+00        0.4788680543E+00        0.1600000000E-02
         3      0.4355617496E+00        0.2089870323E-01        0.1600000000E-02
         3      0.4562389912E+00        0.6203540154E-01        0.1600000000E-02
         3      0.4373801107E+00        0.1043146732E+00        0.1600000000E-02
         3      0.4427653632E+00        0.1440876453E+00        0.1600000000E-02
         3      0.4227636941E+00        0.1819686170E+00        0.1600000000E-02
         3      0.4219565413E+00        0.2208028945E+00        0.1600000000E-02
         3      0.4224813397E+00        0.2601761200E+00        0.1600000000E-02
         3      0.4214668716E+00        0.2987019707E+00        0.1600000000E-02
         3      0.4213812541E+00        0.3373993587E+00        0.1600000000E-02
         3      0.3913141070E+00        0.3743950355E+00        0.1600000000E-02
         3      0.4163385766E+00        0.4068726861E+00        0.1600000000E-02
         3      0.3976876970E+00        0.4423740298E+00        0.1600000000E-02
         3      0.4018700373E+00        0.4782104086E+00        0.1600000000E-02
         3      0.4727738790E+00        0.2082176018E-01        0.1600000000E-02
         3      0.4932450396E+00        0.6291781912E-01        0.1600000000E-02
         3      0.4739386460E+00        0.1052242555E+00        0.1600000000E-02
         3      0.4836579348E+00        0.1446438917E+00        0.1600000000E-02
         3      0.4627319919E+00        0.1824888475E+00        0.1600000000E-02
         3      0.4615064123E+00        0.2211817339E+00        0.1600000000E-02
         3      0.4617405073E+00        0.2605468528E+00        0.1600000000E-02
         3      0.4617844877E+00        0.2991833968E+00        0.1600000000E-02
         3      0.4619336550E+00        0.3376367476E+00        0.1600000000E-02
         3      0.4368943566E+00        0.3737157738E+00        0.1600000000E-02
         3      0.4603971311E+00        0.4070736826E+00        0.1600000000E-02
         3      0.4427221226E+00        0.4434894475E+00        0.1600000000E-02
         3      0.4405034565E+00        0.4790564007E+00        0.1600000000E-02
         3      0.5098182995E+00        0.2158562930E-01        0.1600000000E-02
         3      0.5304287362E+00        0.6231373144E-01        0.1600000000E-02
         3      0.5109502935E+00        0.1051379705E+00        0.1600000000E-02
         3      0.5240712227E+00        0.1444314911E+00        0.1600000000E-02
         3      0.5028669650E+00        0.1829587703E+00        0.1600000000E-02
         3      0.5012456934E+00        0.2215596217E+00        0.1600000000E-02
         3      0.5009046647E+00        0.2606808339E+00        0.1600000000E-02
         3      0.5020291477E+00        0.2993761412E+00        0.1600000000E-02
         3      0.5026591969E+00        0.3378597739E+00        0.1600000000E-02
         3      0.4821726941E+00        0.3737376495E+00        0.1600000000E-02
         3      0.5043958361E+00        0.4072625093E+00        0.1600000000E-02
         3      0.4874001671E+00        0.4436467080E+00        0.1600000000E-02
         3      0.4797805486E+00        0.4788926144E+00        0.1600000000E-02
         3      0.5471190211E+00        0.2079528776E-01        0.1600000000E-02
         3      0.5677382091E+00        0.6179362006E-01        0.1600000000E-02
         3      0.5480763778E+00        0.1042278821E+00        0.1600000000E-02
         3      0.5635328027E+00        0.1440048011E+00        0.1600000000E-02
         3      0.5425360201E+00        0.1835648312E+00        0.1600000000E-02
         3      0.5409868797E+00        0.2224148691E+00        0.1600000000E-02
         3      0.5404334998E+00        0.2614083488E+00        0.1600000000E-02
         3      0.5424038015E+00        0.2995604584E+00        0.1600000000E-02
         3      0.5436216429E+00        0.3378417112E+00        0.1600000000E-02
         3      0.5277564326E+00        0.3735365385E+00        0.1600000000E-02
         3      0.5466993399E+00        0.4073617431E+00        0.1600000000E-02
         3      0.5325890187E+00        0.4456637947E+00        0.1600000000E-02
         3      0.5194192044E+00        0.4784000514E+00        0.1600000000E-02
         3      0.5842996544E+00        0.2140155245E-01        0.1600000000E-02
         3      0.6048968213E+00        0.6387488052E-01        0.1600000000E-02
         3      0.5853191091E+00        0.1049676451E+00        0.1600000000E-02
         3      0.6036409494E+00        0.1438000724E+00        0.1600000000E-02
         3      0.5824051148E+00        0.1823806606E+00        0.1600000000E-02
         3      0.5811686041E+00        0.2206831119E+00        0.1600000000E-02
         3      0.5806476506E+00        0.2586992631E+00        0.1600000000E-02
         3      0.5826063814E+00        0.2967347911E+00        0.1600000000E-02
         3      0.5844685029E+00        0.3357165429E+00        0.1600000000E-02
         3      0.5740069789E+00        0.3718153446E+00        0.1600000000E-02
         3      0.5872283077E+00        0.4063585747E+00        0.1600000000E-02
         3      0.5769581304E+00        0.4452683023E+00        0.1600000000E-02
         3      0.5598245700E+00        0.4788909489E+00        0.1600000000E-02
         3      0.6210434787E+00        0.2190010507E-01        0.1600000000E-02
         3      0.6423566948E+00        0.6187895061E-01        0.1600000000E-02
         3      0.6236623263E+00        0.1046327109E+00        0.1600000000E-02
         3      0.6433023822E+00        0.1433539201E+00        0.1600000000E-02
         3      0.6223611387E+00        0.1828221413E+00        0.1600000000E-02
         3      0.6213810458E+00        0.2214711660E+00        0.1600000000E-02
         3      0.6211518350E+00        0.2599128975E+00        0.1600000000E-02
         3      0.6220547485E+00        0.2986038529E+00        0.1600000000E-02
         3      0.6224290233E+00        0.3402072069E+00        0.1600000000E-02
         3      0.6209238973E+00        0.3764928938E+00        0.1600000000E-02
         3      0.6234406374E+00        0.4160105944E+00        0.1600000000E-02
         3      0.6247921118E+00        0.4573302727E+00        0.1600000000E-02
         3      0.6019682376E+00        0.4797432115E+00        0.1600000000E-02
         3      0.6581477918E+00        0.2095064645E-01        0.1600000000E-02
         3      0.6798901772E+00        0.6231607316E-01        0.1600000000E-02
         3      0.6614927141E+00        0.1037137347E+00        0.1600000000E-02
         3      0.6827195463E+00        0.1432963136E+00        0.1600000000E-02
         3      0.6621530198E+00        0.1823011700E+00        0.1600000000E-02
         3      0.6617584078E+00        0.2206275059E+00        0.1600000000E-02
         3      0.6618453962E+00        0.2582775205E+00        0.1600000000E-02
         3      0.6611596878E+00        0.2963672344E+00        0.1600000000E-02
         3      0.6604622807E+00        0.3359556400E+00        0.1600000000E-02
         3      0.6656047705E+00        0.3735506145E+00        0.1600000000E-02
         3      0.6593283711E+00        0.4096363580E+00        0.1600000000E-02
         3      0.6738647965E+00        0.4482500083E+00        0.1600000000E-02
         3      0.6483044508E+00        0.4801025150E+00        0.1600000000E-02
         3      0.6952995252E+00        0.2122490073E-01        0.1600000000E-02
         3      0.7176759007E+00        0.6264321442E-01        0.1600000000E-02
         3      0.6993579604E+00        0.1041361661E+00        0.1600000000E-02
         3      0.7214499774E+00        0.1440219039E+00        0.1600000000E-02
         3      0.7017417562E+00        0.1835907765E+00        0.1600000000E-02
         3      0.7023160216E+00        0.2221625192E+00        0.1600000000E-02
         3      0.7022777529E+00        0.2607772920E+00        0.1600000000E-02
         3      0.7010939160E+00        0.2990746109E+00        0.1600000000E-02
         3      0.6996440277E+00        0.3382716795E+00        0.1600000000E-02
         3      0.7111668596E+00        0.3743391113E+00        0.1600000000E-02
         3      0.6987974184E+00        0.4091169405E+00        0.1600000000E-02
         3      0.7195754929E+00        0.4464575129E+00        0.1600000000E-02
         3      0.6920863720E+00        0.4791576368E+00        0.1600000000E-02
         3      0.7322104763E+00        0.2149009279E-01        0.1600000000E-02
         3      0.7555308331E+00        0.6232111014E-01        0.1600000000E-02
         3      0.7373821157E+00        0.1040038953E+00        0.1600000000E-02
         3      0.7602063600E+00        0.1431689547E+00        0.1600000000E-02
         3      0.7411971070E+00        0.1832098034E+00        0.1600000000E-02
         3      0.7422594761E+00        0.2223330522E+00        0.1600000000E-02
         3      0.7420153243E+00        0.2611778588E+00        0.1600000000E-02
         3      0.7413208434E+00        0.2996933527E+00        0.1600000000E-02
         3      0.7398729512E+00        0.3380069063E+00        0.1600000000E-02
         3      0.7573429543E+00        0.3735251658E+00        0.1600000000E-02
         3      0.7405460510E+00        0.4073517897E+00        0.1600000000E-02
         3      0.7635726522E+00        0.4436188729E+00        0.1600000000E-02
         3      0.7334096505E+00        0.4799489626E+00        0.1600000000E-02
         3      0.7689536215E+00        0.2202219250E-01        0.1600000000E-02
         3      0.7937291477E+00        0.6248181537E-01        0.1600000000E-02
         3      0.7753457352E+00        0.1030690360E+00        0.1600000000E-02
         3      0.7983139971E+00        0.1447520749E+00        0.1600000000E-02
         3      0.7800069073E+00        0.1849828744E+00        0.1600000000E-02
         3      0.7825286113E+00        0.2228924419E+00        0.1600000000E-02
         3      0.7816951618E+00        0.2618271467E+00        0.1600000000E-02
         3      0.7814264170E+00        0.3005872958E+00        0.1600000000E-02
         3      0.7813278608E+00        0.3387095798E+00        0.1600000000E-02
         3      0.8036880625E+00        0.3734970068E+00        0.1600000000E-02
         3      0.7842096334E+00        0.4063982482E+00        0.1600000000E-02
         3      0.8077604880E+00        0.4424905355E+00        0.1600000000E-02
         3      0.7735757554E+00        0.4790305506E+00        0.1600000000E-02
         3      0.8061251335E+00        0.2124999764E-01        0.1600000000E-02
         3      0.8324304469E+00        0.6699520097E-01        0.1600000000E-02
         3      0.8127134837E+00        0.1058860687E+00        0.1600000000E-02
         3      0.8377471174E+00        0.1405049121E+00        0.1600000000E-02
         3      0.8202909313E+00        0.1808900903E+00        0.1600000000E-02
         3      0.8215419161E+00        0.2212290915E+00        0.1600000000E-02
         3      0.8213001642E+00        0.2600074027E+00        0.1600000000E-02
         3      0.8207402745E+00        0.2996337276E+00        0.1600000000E-02
         3      0.8232662768E+00        0.3382551014E+00        0.1600000000E-02
         3      0.8493052233E+00        0.3750424134E+00        0.1600000000E-02
         3      0.8288990595E+00        0.4071102326E+00        0.1600000000E-02
         3      0.8533120406E+00        0.4423573091E+00        0.1600000000E-02
         3      0.8125199657E+00        0.4783772273E+00        0.1600000000E-02
         3      0.8410126677E+00        0.2184140521E-01        0.1600000000E-02
         3      0.8667129194E+00        0.4838743320E-01        0.1600000000E-02
         3      0.8542054201E+00        0.1010114676E+00        0.1600000000E-02
         3      0.8727011485E+00        0.1555997809E+00        0.1600000000E-02
         3      0.8586057246E+00        0.1897684019E+00        0.1600000000E-02
         3      0.8630598697E+00        0.2269687238E+00        0.1600000000E-02
         3      0.8604891101E+00        0.2652466441E+00        0.1600000000E-02
         3      0.8606571743E+00        0.3028329963E+00        0.1600000000E-02
         3      0.8652602312E+00        0.3409669584E+00        0.1600000000E-02
         3      0.8965057770E+00        0.3765732247E+00        0.1600000000E-02
         3      0.8746933032E+00        0.4077063868E+00        0.1600000000E-02
         3      0.8996195894E+00        0.4423312630E+00        0.1600000000E-02
         3      0.8506280293E+00        0.4786782784E+00        0.1600000000E-02
         3      0.8921651095E+00        0.7231314721E-01        0.1600000000E-02
         3      0.8874710899E+00        0.1187953792E+00        0.1600000000E-02
         3      0.9167224787E+00        0.1533883797E+00        0.1600000000E-02
         3      0.9027912479E+00        0.1888867622E+00        0.1600000000E-02
         3      0.9033056000E+00        0.2251320028E+00        0.1600000000E-02
         3      0.9023830315E+00        0.2630981750E+00        0.1600000000E-02
         3      0.9003638203E+00        0.3011450601E+00        0.1600000000E-02
         3      0.9060711906E+00        0.3405723058E+00        0.1600000000E-02
         3      0.9428940912E+00        0.3768305302E+00        0.1600000000E-02
         3      0.9217027031E+00        0.4084102034E+00        0.1600000000E-02
         3      0.9462329568E+00        0.4436839174E+00        0.1600000000E-02
         3      0.8883972820E+00        0.4781965782E+00        0.1600000000E-02
         3      0.9189579660E+00        0.9889913583E-01        0.1600000000E-02
         3      0.9457917646E+00        0.1253911304E+00        0.1600000000E-02
         3      0.9463796545E+00        0.1835477936E+00        0.1600000000E-02
         3      0.9429539543E+00        0.2226866787E+00        0.1600000000E-02
         3      0.9437272394E+00        0.2606400696E+00        0.1600000000E-02
         3      0.9395189529E+00        0.2998550001E+00        0.1600000000E-02
         3      0.9455049419E+00        0.3393715597E+00        0.1600000000E-02
         3      0.9777859408E+00        0.2920713844E+00        0.1600000000E-02
         3      0.9680617906E+00        0.4094887982E+00        0.1600000000E-02
         3      0.9650212826E+00        0.4779168831E+00        0.1600000000E-02
         3      0.9264642586E+00        0.4786014239E+00        0.1600000000E-02
         3      0.9706008257E+00        0.1495538256E+00        0.1600000000E-02
         3      0.9957160464E+00        0.1753144018E+00        0.1600000000E-02
         3      0.9806461339E+00        0.2107437318E+00        0.1600000000E-02
         3      0.1017563095E+01        0.2208684196E+00        0.1600000000E-02
         3      0.9838633283E+00        0.2522614379E+00        0.1600000000E-02
         3      0.9824395534E+00        0.3349488148E+00        0.1600000000E-02
         3      0.1014407596E+01        0.2982104100E+00        0.1600000000E-02
         3      0.9864147018E+00        0.3748991650E+00        0.1600000000E-02
         3      0.9944458213E+00        0.4435446512E+00        0.1600000000E-02
         3      0.1003230290E+01        0.4794994774E+00        0.1600000000E-02
         3      0.1090448447E+01        0.1400811244E+00        0.1600000000E-02
         3      0.1065598159E+01        0.1664497966E+00        0.1600000000E-02
         3      0.1041023125E+01        0.1910169222E+00        0.1600000000E-02
         3      0.1024096247E+01        0.2610338625E+00        0.1600000000E-02
         3      0.1020354282E+01        0.3396680304E+00        0.1600000000E-02
         3      0.1031954304E+01        0.3754184649E+00        0.1600000000E-02
         3      0.1012455740E+01        0.4078026970E+00        0.1600000000E-02
         3      0.1040658159E+01        0.4420636989E+00        0.1600000000E-02
         3      0.1041312891E+01        0.4781167113E+00        0.1600000000E-02
         3      0.1115102369E+01        0.1157247822E+00        0.1600000000E-02
         3      0.1088332058E+01        0.2025974038E+00        0.1600000000E-02
         3      0.1057745653E+01        0.2316225718E+00        0.1600000000E-02
         3      0.1067374290E+01        0.2695797175E+00        0.1600000000E-02
         3      0.1062244204E+01        0.3411690080E+00        0.1600000000E-02
         3      0.1053120794E+01        0.3034044779E+00        0.1600000000E-02
         3      0.1078813369E+01        0.3762530594E+00        0.1600000000E-02
         3      0.1058465930E+01        0.4079714739E+00        0.1600000000E-02
         3      0.1079898234E+01        0.4791410312E+00        0.1600000000E-02
         3      0.1139997793E+01        0.9015825382E-01        0.1600000000E-02
         3      0.1116903571E+01        0.1749871149E+00        0.1600000000E-02
         3      0.1131213892E+01        0.2164429257E+00        0.1600000000E-02
         3      0.1099516573E+01        0.2412797228E+00        0.1600000000E-02
         3      0.1116127638E+01        0.2752404572E+00        0.1600000000E-02
         3      0.1105219210E+01        0.3414236640E+00        0.1600000000E-02
         3      0.1095980986E+01        0.3056377568E+00        0.1600000000E-02
         3      0.1103301300E+01        0.4098547165E+00        0.1600000000E-02
         3      0.1086955151E+01        0.4448303914E+00        0.1600000000E-02
         3      0.1120028878E+01        0.4792310374E+00        0.1600000000E-02
         3      0.1164881311E+01        0.6538133110E-01        0.1600000000E-02
         3      0.1170378266E+01        0.1219054246E+00        0.1600000000E-02
         3      0.1146089757E+01        0.1497952532E+00        0.1600000000E-02
         3      0.1158486940E+01        0.1910862679E+00        0.1600000000E-02
         3      0.1150068666E+01        0.2495777766E+00        0.1600000000E-02
         3      0.1146641833E+01        0.2960745742E+00        0.1600000000E-02
         3      0.1143386909E+01        0.3337048793E+00        0.1600000000E-02
         3      0.1124626288E+01        0.3756165615E+00        0.1600000000E-02
         3      0.1146204339E+01        0.4106043124E+00        0.1600000000E-02
         3      0.1134113509E+01        0.4475231754E+00        0.1600000000E-02
         3      0.1161774081E+01        0.4799244832E+00        0.1600000000E-02
         3      0.1190681988E+01        0.3941077223E-01        0.1600000000E-02
         3      0.1199162431E+01        0.9001030008E-01        0.1600000000E-02
         3      0.1205817016E+01        0.1342045474E+00        0.1600000000E-02
         3      0.1187564816E+01        0.1688468042E+00        0.1600000000E-02
         3      0.1184817241E+01        0.2186644090E+00        0.1600000000E-02
         3      0.1185616103E+01        0.2599795599E+00        0.1600000000E-02
         3      0.1184859888E+01        0.2987309482E+00        0.1600000000E-02
         3      0.1184487107E+01        0.3375914368E+00        0.1600000000E-02
         3      0.1165339702E+01        0.3725231172E+00        0.1600000000E-02
         3      0.1186769525E+01        0.4082942571E+00        0.1600000000E-02
         3      0.1180680747E+01        0.4467780681E+00        0.1600000000E-02
         3      0.1203512711E+01        0.4805636137E+00        0.1600000000E-02
         3      0.1215770486E+01        0.1697084275E-01        0.1600000000E-02
         3      0.1232630209E+01        0.6145712251E-01        0.1600000000E-02
         3      0.1234364450E+01        0.1022109732E+00        0.1600000000E-02
         3      0.1243361250E+01        0.1448684329E+00        0.1600000000E-02
         3      0.1222049754E+01        0.1831531950E+00        0.1600000000E-02
         3      0.1223852354E+01        0.2212839779E+00        0.1600000000E-02
         3      0.1224056826E+01        0.2601233239E+00        0.1600000000E-02
         3      0.1224197141E+01        0.3000742631E+00        0.1600000000E-02
         3      0.1226377607E+01        0.3390627149E+00        0.1600000000E-02
         3      0.1209903021E+01        0.3734216005E+00        0.1600000000E-02
         3      0.1228413081E+01        0.4070774668E+00        0.1600000000E-02
         3      0.1224641056E+01        0.4449468218E+00        0.1600000000E-02
         3      0.1244384424E+01        0.4812504053E+00        0.1600000000E-02
         3      0.1256019406E+01        0.1745333179E-01        0.1600000000E-02
         3      0.1271247354E+01        0.5614275126E-01        0.1600000000E-02
         3      0.1270067787E+01        0.9608070564E-01        0.1600000000E-02
         3      0.1280165277E+01        0.1374562290E+00        0.1600000000E-02
         3      0.1263464443E+01        0.1815235771E+00        0.1600000000E-02
         3      0.1263382517E+01        0.2195601523E+00        0.1600000000E-02
         3      0.1263955940E+01        0.2583662539E+00        0.1600000000E-02
         3      0.1263339841E+01        0.2967075330E+00        0.1600000000E-02
         3      0.1266467021E+01        0.3360663216E+00        0.1600000000E-02
         3      0.1257665939E+01        0.3726888079E+00        0.1600000000E-02
         3      0.1268350443E+01        0.4083501793E+00        0.1600000000E-02
         3      0.1268747724E+01        0.4469928005E+00        0.1600000000E-02
         3      0.1286202731E+01        0.4815996913E+00        0.1600000000E-02
         3      0.1296431778E+01        0.1734730617E-01        0.1600000000E-02
         3      0.1310492541E+01        0.5976276146E-01        0.1600000000E-02
         3      0.1307164434E+01        0.1008441278E+00        0.1600000000E-02
         3      0.1319186894E+01        0.1422559048E+00        0.1600000000E-02
         3      0.1301018526E+01        0.1795790138E+00        0.1600000000E-02
         3      0.1303978353E+01        0.2188234927E+00        0.1600000000E-02
         3      0.1303920663E+01        0.2574641705E+00        0.1600000000E-02
         3      0.1303108530E+01        0.2962514424E+00        0.1600000000E-02
         3      0.1304777563E+01        0.3364343152E+00        0.1600000000E-02
         3      0.1303393713E+01        0.3737718284E+00        0.1600000000E-02
         3      0.1306871722E+01        0.4107501437E+00        0.1600000000E-02
         3      0.1314501714E+01        0.4495574445E+00        0.1600000000E-02
         3      0.1330033642E+01        0.4829549588E+00        0.1600000000E-02
         3      0.1334279009E+01        0.1902132876E-01        0.1600000000E-02
         3      0.1350755577E+01        0.5708149607E-01        0.1600000000E-02
         3      0.1343549901E+01        0.9779668945E-01        0.1600000000E-02
         3      0.1356164315E+01        0.1396824834E+00        0.1600000000E-02
         3      0.1341062307E+01        0.1813108188E+00        0.1600000000E-02
         3      0.1344265551E+01        0.2199351173E+00        0.1600000000E-02
         3      0.1343654597E+01        0.2582618533E+00        0.1600000000E-02
         3      0.1342672145E+01        0.2969092854E+00        0.1600000000E-02
         3      0.1342697754E+01        0.3371835033E+00        0.1600000000E-02
         3      0.1348364908E+01        0.3745776912E+00        0.1600000000E-02
         3      0.1345032211E+01        0.4113818097E+00        0.1600000000E-02
         3      0.1360372635E+01        0.4484006496E+00        0.1600000000E-02
         3      0.1373962680E+01        0.4839087207E+00        0.1600000000E-02
         3      0.1374696198E+01        0.1998136914E-01        0.1600000000E-02
         3      0.1390287906E+01        0.6005561269E-01        0.1600000000E-02
         3      0.1380083514E+01        0.1010014183E+00        0.1600000000E-02
         3      0.1393810372E+01        0.1430655030E+00        0.1600000000E-02
         3      0.1379955712E+01        0.1822218685E+00        0.1600000000E-02
         3      0.1384298471E+01        0.2212388644E+00        0.1600000000E-02
         3      0.1383457973E+01        0.2602778594E+00        0.1600000000E-02
         3      0.1382441444E+01        0.2991200991E+00        0.1600000000E-02
         3      0.1381130624E+01        0.3382352837E+00        0.1600000000E-02
         3      0.1394688337E+01        0.3741313941E+00        0.1600000000E-02
         3      0.1384169922E+01        0.4094581999E+00        0.1600000000E-02
         3      0.1404420820E+01        0.4448688026E+00        0.1600000000E-02
         3      0.1415215170E+01        0.4832770109E+00        0.1600000000E-02
         3      0.1412722038E+01        0.2095986619E-01        0.1600000000E-02
         3      0.1429898885E+01        0.5947105708E-01        0.1600000000E-02
         3      0.1416813067E+01        0.1011747224E+00        0.1600000000E-02
         3      0.1431254050E+01        0.1423831868E+00        0.1600000000E-02
         3      0.1419653529E+01        0.1830688295E+00        0.1600000000E-02
         3      0.1423911960E+01        0.2219034387E+00        0.1600000000E-02
         3      0.1422960658E+01        0.2609852968E+00        0.1600000000E-02
         3      0.1422355180E+01        0.2999435522E+00        0.1600000000E-02
         3      0.1421360076E+01        0.3383651112E+00        0.1600000000E-02
         3      0.1441421072E+01        0.3738558298E+00        0.1600000000E-02
         3      0.1425794235E+01        0.4080187628E+00        0.1600000000E-02
         3      0.1447376165E+01        0.4436999668E+00        0.1600000000E-02
         3      0.1455418685E+01        0.4826695213E+00        0.1600000000E-02
         3      0.1451223156E+01        0.2117038022E-01        0.1600000000E-02
         3      0.1468975911E+01        0.6102326017E-01        0.1600000000E-02
         3      0.1453648723E+01        0.1020241949E+00        0.1600000000E-02
         3      0.1469027024E+01        0.1429332337E+00        0.1600000000E-02
         3      0.1459052288E+01        0.1829523180E+00        0.1600000000E-02
         3      0.1463465988E+01        0.2217894282E+00        0.1600000000E-02
         3      0.1462333096E+01        0.2610866988E+00        0.1600000000E-02
         3      0.1462266661E+01        0.3001562339E+00        0.1600000000E-02
         3      0.1462393044E+01        0.3384210964E+00        0.1600000000E-02
         3      0.1487328820E+01        0.3745708740E+00        0.1600000000E-02
         3      0.1468780403E+01        0.4085589813E+00        0.1600000000E-02
         3      0.1490569165E+01        0.4444342190E+00        0.1600000000E-02
         3      0.1495760797E+01        0.4835089290E+00        0.1600000000E-02
         3      0.1489178268E+01        0.2144412493E-01        0.1600000000E-02
         3      0.1507765523E+01        0.6048718723E-01        0.1600000000E-02
         3      0.1490990430E+01        0.1024111931E+00        0.1600000000E-02
         3      0.1506983103E+01        0.1430821690E+00        0.1600000000E-02
         3      0.1498899589E+01        0.1829629640E+00        0.1600000000E-02
         3      0.1502952925E+01        0.2215343467E+00        0.1600000000E-02
         3      0.1501741789E+01        0.2606748179E+00        0.1600000000E-02
         3      0.1502192142E+01        0.2996797638E+00        0.1600000000E-02
         3      0.1502986112E+01        0.3382408707E+00        0.1600000000E-02
         3      0.1532315820E+01        0.3752882444E+00        0.1600000000E-02
         3      0.1512021869E+01        0.4095421893E+00        0.1600000000E-02
         3      0.1533950771E+01        0.4445503502E+00        0.1600000000E-02
         3      0.1536450000E+01        0.4836326732E+00        0.1600000000E-02
         3      0.1527098698E+01        0.2062939058E-01        0.1600000000E-02
         3      0.1545858954E+01        0.6153243102E-01        0.1600000000E-02
         3      0.1528224834E+01        0.1028961698E+00        0.1600000000E-02
         3      0.1545260096E+01        0.1432291563E+00        0.1600000000E-02
         3      0.1539076263E+01        0.1827415687E+00        0.1600000000E-02
         3      0.1542455392E+01        0.2211778649E+00        0.1600000000E-02
         3      0.1541390432E+01        0.2602672006E+00        0.1600000000E-02
         3      0.1541913696E+01        0.2992240935E+00        0.1600000000E-02
         3      0.1542864057E+01        0.3383211365E+00        0.1600000000E-02
         3      0.1577375674E+01        0.3757439647E+00        0.1600000000E-02
         3      0.1555759720E+01        0.4095230098E+00        0.1600000000E-02
         3      0.1577630736E+01        0.4434554003E+00        0.1600000000E-02
         3      0.1576621800E+01        0.4828499741E+00        0.1600000000E-02
         3      0.1564889934E+01        0.2195387716E-01        0.1600000000E-02
         3      0.1584155785E+01        0.6133501854E-01        0.1600000000E-02
         3      0.1565875570E+01        0.1032112206E+00        0.1600000000E-02
         3      0.1583639134E+01        0.1432290254E+00        0.1600000000E-02
         3      0.1579729411E+01        0.1825587192E+00        0.1600000000E-02
         3      0.1581806462E+01        0.2209009527E+00        0.1600000000E-02
         3      0.1581312147E+01        0.2599434692E+00        0.1600000000E-02
         3      0.1581294429E+01        0.2989156629E+00        0.1600000000E-02
         3      0.1582117764E+01        0.3384283367E+00        0.1600000000E-02
         3      0.1622671105E+01        0.3758706104E+00        0.1600000000E-02
         3      0.1600635007E+01        0.4092601993E+00        0.1600000000E-02
         3      0.1621998672E+01        0.4427101906E+00        0.1600000000E-02
         3      0.1615642184E+01        0.4823383260E+00        0.1600000000E-02
         3      0.1602695690E+01        0.2080006638E-01        0.1600000000E-02
         3      0.1622095556E+01        0.6096636088E-01        0.1600000000E-02
         3      0.1603527153E+01        0.1030503288E+00        0.1600000000E-02
         3      0.1621922841E+01        0.1434247141E+00        0.1600000000E-02
         3      0.1620633850E+01        0.1827104932E+00        0.1600000000E-02
         3      0.1621060982E+01        0.2210430195E+00        0.1600000000E-02
         3      0.1621372377E+01        0.2600862162E+00        0.1600000000E-02
         3      0.1620487885E+01        0.2990327076E+00        0.1600000000E-02
         3      0.1621136519E+01        0.3385511756E+00        0.1600000000E-02
         3      0.1667684650E+01        0.3750984080E+00        0.1600000000E-02
         3      0.1646170682E+01        0.4091180032E+00        0.1600000000E-02
         3      0.1666516510E+01        0.4428030885E+00        0.1600000000E-02
         3      0.1654300748E+01        0.4822250432E+00        0.1600000000E-02
         3      0.1640554142E+01        0.2186452228E-01        0.1600000000E-02
         3      0.1660332575E+01        0.6173607214E-01        0.1600000000E-02
         3      0.1640994930E+01        0.1032390082E+00        0.1600000000E-02
         3      0.1660150190E+01        0.1434124723E+00        0.1600000000E-02
         3      0.1661617604E+01        0.1828015271E+00        0.1600000000E-02
         3      0.1660303012E+01        0.2210774307E+00        0.1600000000E-02
         3      0.1661434876E+01        0.2601873625E+00        0.1600000000E-02
         3      0.1659855576E+01        0.2990130495E+00        0.1600000000E-02
         3      0.1660462315E+01        0.3380561057E+00        0.1600000000E-02
         3      0.1712881782E+01        0.3743847233E+00        0.1600000000E-02
         3      0.1691213681E+01        0.4083447629E+00        0.1600000000E-02
         3      0.1710226149E+01        0.4422726021E+00        0.1600000000E-02
         3      0.1693208104E+01        0.4824832504E+00        0.1600000000E-02
         3      0.1678366879E+01        0.2108274050E-01        0.1600000000E-02
         3      0.1698364370E+01        0.6068593310E-01        0.1600000000E-02
         3      0.1678681346E+01        0.1031685118E+00        0.1600000000E-02
         3      0.1698284503E+01        0.1436034081E+00        0.1600000000E-02
         3      0.1702297961E+01        0.1833554501E+00        0.1600000000E-02
         3      0.1699595042E+01        0.2218153607E+00        0.1600000000E-02
         3      0.1701312000E+01        0.2610357480E+00        0.1600000000E-02
         3      0.1699649845E+01        0.2997599172E+00        0.1600000000E-02
         3      0.1700473685E+01        0.3380751430E+00        0.1600000000E-02
         3      0.1757938406E+01        0.3735988878E+00        0.1600000000E-02
         3      0.1736260714E+01        0.4078995442E+00        0.1600000000E-02
         3      0.1753757804E+01        0.4420681925E+00        0.1600000000E-02
         3      0.1731778545E+01        0.4818839933E+00        0.1600000000E-02
         3      0.1716274276E+01        0.2135077968E-01        0.1600000000E-02
         3      0.1736963861E+01        0.6123746387E-01        0.1600000000E-02
         3      0.1715890799E+01        0.1026855647E+00        0.1600000000E-02
         3      0.1736047552E+01        0.1432003640E+00        0.1600000000E-02
         3      0.1742478220E+01        0.1834048720E+00        0.1600000000E-02
         3      0.1738934958E+01        0.2220266658E+00        0.1600000000E-02
         3      0.1741092793E+01        0.2610929838E+00        0.1600000000E-02
         3      0.1739802112E+01        0.2998808366E+00        0.1600000000E-02
         3      0.1741466129E+01        0.3376717475E+00        0.1600000000E-02
         3      0.1803736152E+01        0.3729612085E+00        0.1600000000E-02
         3      0.1781028792E+01        0.4068438008E+00        0.1600000000E-02
         3      0.1795890939E+01        0.4413675477E+00        0.1600000000E-02
         3      0.1770274113E+01        0.4829785917E+00        0.1600000000E-02
         3      0.1754106107E+01        0.2113294979E-01        0.1600000000E-02
         3      0.1775648117E+01        0.6047855554E-01        0.1600000000E-02
         3      0.1753207548E+01        0.1026009670E+00        0.1600000000E-02
         3      0.1773697274E+01        0.1437111543E+00        0.1600000000E-02
         3      0.1782283061E+01        0.1841311677E+00        0.1600000000E-02
         3      0.1778566476E+01        0.2226726184E+00        0.1600000000E-02
         3      0.1780944472E+01        0.2615249068E+00        0.1600000000E-02
         3      0.1780005910E+01        0.3002309683E+00        0.1600000000E-02
         3      0.1783111773E+01        0.3377950592E+00        0.1600000000E-02
         3      0.1850796253E+01        0.3714186050E+00        0.1600000000E-02
         3      0.1826227404E+01        0.4052024812E+00        0.1600000000E-02
         3      0.1837215271E+01        0.4403923806E+00        0.1600000000E-02
         3      0.1808842329E+01        0.4822459069E+00        0.1600000000E-02
         3      0.1791802593E+01        0.2188702456E-01        0.1600000000E-02
         3      0.1814959542E+01        0.6157344407E-01        0.1600000000E-02
         3      0.1790342849E+01        0.1022334313E+00        0.1600000000E-02
         3      0.1810632919E+01        0.1421979644E+00        0.1600000000E-02
         3      0.1821613405E+01        0.1839544215E+00        0.1600000000E-02
         3      0.1818373380E+01        0.2226057424E+00        0.1600000000E-02
         3      0.1820851982E+01        0.2616096458E+00        0.1600000000E-02
         3      0.1820287969E+01        0.2999854911E+00        0.1600000000E-02
         3      0.1825155942E+01        0.3374400736E+00        0.1600000000E-02
         3      0.1897129643E+01        0.3653385718E+00        0.1600000000E-02
         3      0.1871408709E+01        0.4025257522E+00        0.1600000000E-02
         3      0.1876521353E+01        0.4388457041E+00        0.1600000000E-02
         3      0.1846778786E+01        0.4822550040E+00        0.1600000000E-02
         3      0.1829764340E+01        0.2116692093E-01        0.1600000000E-02
         3      0.1854509544E+01        0.5629019945E-01        0.1600000000E-02
         3      0.1828349972E+01        0.1014881099E+00        0.1600000000E-02
         3      0.1847402484E+01        0.1448920051E+00        0.1600000000E-02
         3      0.1861345707E+01        0.1844636773E+00        0.1600000000E-02
         3      0.1857900390E+01        0.2235658846E+00        0.1600000000E-02
         3      0.1861486988E+01        0.2613039462E+00        0.1600000000E-02
         3      0.1861033410E+01        0.2994632946E+00        0.1600000000E-02
         3      0.1867899769E+01        0.3352467543E+00        0.1600000000E-02
         3      0.1909247779E+01        0.3258496597E+00        0.1600000000E-02
         3      0.1913950548E+01        0.4000169669E+00        0.1600000000E-02
         3      0.1916421619E+01        0.4378601611E+00        0.1600000000E-02
         3      0.1884525079E+01        0.4814677754E+00        0.1600000000E-02
         3      0.1906278211E+01        0.2129322598E-01        0.1600000000E-02
         3      0.1868807860E+01        0.2175582793E-01        0.1600000000E-02
         3      0.1892829744E+01        0.6898397367E-01        0.1600000000E-02
         3      0.1863922032E+01        0.9997887208E-01        0.1600000000E-02
         3      0.1881823100E+01        0.1372871360E+00        0.1600000000E-02
         3      0.1901751114E+01        0.1766035763E+00        0.1600000000E-02
         3      0.1897944003E+01        0.2138655581E+00        0.1600000000E-02
         3      0.1902737536E+01        0.2506901425E+00        0.1600000000E-02
         3      0.1901159751E+01        0.2888181913E+00        0.1600000000E-02
         3      0.1947388648E+01        0.3190691073E+00        0.1600000000E-02
         3      0.1939747180E+01        0.3593812691E+00        0.1600000000E-02
         3      0.1954745991E+01        0.4385020594E+00        0.1600000000E-02
         3      0.1920806179E+01        0.4818951767E+00        0.1600000000E-02
         3      0.1950878596E+01        0.2196792025E-01        0.1600000000E-02
         3      0.1928990517E+01        0.4498591076E-01        0.1600000000E-02
         3      0.1944008255E+01        0.8461702260E-01        0.1600000000E-02
         3      0.1909451912E+01        0.1026160651E+00        0.1600000000E-02
         3      0.1922174794E+01        0.1411271041E+00        0.1600000000E-02
         3      0.1949099597E+01        0.1699876283E+00        0.1600000000E-02
         3      0.1938989116E+01        0.2057686729E+00        0.1600000000E-02
         3      0.1943758924E+01        0.2424736682E+00        0.1600000000E-02
         3      0.1941911899E+01        0.2805682537E+00        0.1600000000E-02
         3      0.1981115508E+01        0.3578690279E+00        0.1600000000E-02
         3      0.1952408774E+01        0.3976599576E+00        0.1600000000E-02
         3      0.1989497421E+01        0.4334254859E+00        0.1600000000E-02
         3      0.1957205534E+01        0.4821047028E+00        0.1600000000E-02
         3      0.1988944357E+01        0.2216520020E-01        0.1600000000E-02
         3      0.1978623323E+01        0.6040300621E-01        0.1600000000E-02
         3      0.1987622048E+01        0.9868951351E-01        0.1600000000E-02
         3      0.1955356814E+01        0.1226255431E+00        0.1600000000E-02
         3      0.1988881790E+01        0.1417157009E+00        0.1600000000E-02
         3      0.1986619174E+01        0.1811032519E+00        0.1600000000E-02
         3      0.1982464914E+01        0.2158563130E+00        0.1600000000E-02
         3      0.1985442423E+01        0.2509528391E+00        0.1600000000E-02
         3      0.1983384868E+01        0.2860505605E+00        0.1600000000E-02
         3      0.1986797358E+01        0.3224527942E+00        0.1600000000E-02
         3      0.1990170165E+01        0.3934997960E+00        0.1600000000E-02
         3      0.2032045395E+01        0.4071601417E+00        0.1600000000E-02
         3      0.1993571957E+01        0.4814836282E+00        0.1600000000E-02
         3      0.2026868152E+01        0.2231784797E-01        0.1600000000E-02
         3      0.2027163390E+01        0.5239531902E-01        0.1600000000E-02
         3      0.2027566773E+01        0.8758069159E-01        0.1600000000E-02
         3      0.2029409952E+01        0.1226491320E+00        0.1600000000E-02
         3      0.2030216743E+01        0.1595079440E+00        0.1600000000E-02
         3      0.2030960529E+01        0.1954957852E+00        0.1600000000E-02
         3      0.2030695483E+01        0.2301783484E+00        0.1600000000E-02
         3      0.2031116839E+01        0.2657217296E+00        0.1600000000E-02
         3      0.2030548461E+01        0.3002565485E+00        0.1600000000E-02
         3      0.2031069970E+01        0.3364292044E+00        0.1600000000E-02
         3      0.2031776955E+01        0.3703059083E+00        0.1600000000E-02
         3      0.2031183495E+01        0.4456461381E+00        0.1600000000E-02
         3      0.2031807970E+01        0.4821981448E+00        0.1600000000E-02
