         3      0.1995477713E-01        0.1970956092E-01        0.1600000000E-02
         3      0.1880260686E-01        0.5927883352E-01        0.1600000000E-02
         3      0.1866188751E-01        0.9975159514E-01        0.1600000000E-02
         3      0.1856073159E-01        0.1399857973E+00        0.1600000000E-02
         3      0.1866745806E-01        0.1803851764E+00        0.1600000000E-02
         3      0.1873714894E-01        0.2203767653E+00        0.1600000000E-02
         3      0.1866111583E-01        0.2604217514E+00        0.1600000000E-02
         3      0.1875652248E-01        0.3004861722E+00        0.1600000000E-02
         3      0.1869379645E-01        0.3405333422E+00        0.1600000000E-02
         3      0.1877718845E-01        0.3805693902E+00        0.1600000000E-02
         3      0.1874164209E-01        0.4205588747E+00        0.1600000000E-02
         3      0.1878636282E-01        0.4605366556E+00        0.1600000000E-02
         3      0.1877084506E-01        0.5004973627E+00        0.1600000000E-02
         3      0.1879112507E-01        0.5404522933E+00        0.1600000000E-02
         3      0.1878059735E-01        0.5804104679E+00        0.1600000000E-02
         3      0.1877943638E-01        0.6203628994E+00        0.1600000000E-02
         3      0.1882512533E-01        0.6603215565E+00        0.1600000000E-02
         3      0.1869133164E-01        0.7002928108E+00        0.1600000000E-02
         3      0.1899990129E-01        0.7401970560E+00        0.1600000000E-02
         3      0.1849550260E-01        0.7802468355E+00        0.1600000000E-02
         3      0.1922904431E-01        0.8200033007E+00        0.1600000000E-02
         3      0.1844314147E-01        0.8601263129E+00        0.1600000000E-02
         3      0.1846765363E-01        0.9005128653E+00        0.1600000000E-02
         3      0.1894829144E-01        0.9402854813E+00        0.1600000000E-02
         3      0.1885037864E-01        0.9820035782E+00        0.1600000000E-02
         3      0.6206994373E-01        0.2186848604E-01        0.1600000000E-02
         3      0.6025394161E-01        0.6164395658E-01        0.1600000000E-02
         3      0.6029944076E-01        0.1022188594E+00        0.1600000000E-02
         3      0.6006491350E-01        0.1418523406E+00        0.1600000000E-02
         3      0.6057311831E-01        0.1818036925E+00        0.1600000000E-02
         3      0.6058813372E-01        0.2215091979E+00        0.1600000000E-02
         3      0.6051066836E-01        0.2613618678E+00        0.1600000000E-02
         3      0.6056701568E-01        0.3012040893E+00        0.1600000000E-02
         3      0.6050263365E-01        0.3410404831E+00        0.1600000000E-02
         3      0.6057853269E-01        0.3809216303E+00        0.1600000000E-02
         3      0.6056443123E-01        0.4208111393E+00        0.1600000000E-02
         3      0.6060262727E-01        0.4607107784E+00        0.1600000000E-02
         3      0.6059659731E-01        0.5006166679E+00        0.1600000000E-02
         3      0.6061270679E-01        0.5405196846E+00        0.1600000000E-02
         3      0.6060228581E-01        0.5804284029E+00        0.1600000000E-02
         3      0.6060474349E-01        0.6203244722E+00        0.1600000000E-02
         3      0.6062169572E-01        0.6602466059E+00        0.1600000000E-02
         3      0.6054642305E-01        0.7001435567E+00        0.1600000000E-02
         3      0.6072166873E-01        0.7400799507E+00        0.1600000000E-02
         3      0.6037195945E-01        0.7800955186E+00        0.1600000000E-02
         3      0.6093037855E-01        0.8199729080E+00        0.1600000000E-02
         3      0.6008127173E-01        0.8601524395E+00        0.1600000000E-02
         3      0.6013964716E-01        0.9001018024E+00        0.1600000000E-02
         3      0.6042060026E-01        0.9397668178E+00        0.1600000000E-02
         3      0.6129741196E-01        0.9811072079E+00        0.1600000000E-02
         3      0.1018516645E+00        0.1879913105E-01        0.1600000000E-02
         3      0.9960276536E-01        0.5982909962E-01        0.1600000000E-02
         3      0.9942349516E-01        0.1006136267E+00        0.1600000000E-02
         3      0.9945630741E-01        0.1406291243E+00        0.1600000000E-02
         3      0.1000500529E+00        0.1811394591E+00        0.1600000000E-02
         3      0.1000266090E+00        0.2212246184E+00        0.1600000000E-02
         3      0.1000102381E+00        0.2613356077E+00        0.1600000000E-02
         3      0.1001144004E+00        0.3013245389E+00        0.1600000000E-02
         3      0.1000668633E+00        0.3412294080E+00        0.1600000000E-02
         3      0.1001393589E+00        0.3811148990E+00        0.1600000000E-02
         3      0.1001211559E+00        0.4209713968E+00        0.1600000000E-02
         3      0.1001567957E+00        0.4608260901E+00        0.1600000000E-02
         3      0.1001466622E+00        0.5006788724E+00        0.1600000000E-02
         3      0.1001608437E+00        0.5405363413E+00        0.1600000000E-02
         3      0.1001526413E+00        0.5803971644E+00        0.1600000000E-02
         3      0.1001414801E+00        0.6202690554E+00        0.1600000000E-02
         3      0.1001653463E+00        0.6601398405E+00        0.1600000000E-02
         3      0.1000669272E+00        0.7000432400E+00        0.1600000000E-02
         3      0.1002010371E+00        0.7399272031E+00        0.1600000000E-02
         3      0.9985367417E-01        0.7799182259E+00        0.1600000000E-02
         3      0.1003453367E+00        0.8198072781E+00        0.1600000000E-02
         3      0.9949235473E-01        0.8599258119E+00        0.1600000000E-02
         3      0.9950218663E-01        0.9000288518E+00        0.1600000000E-02
         3      0.9979779584E-01        0.9397522478E+00        0.1600000000E-02
         3      0.1011570945E+00        0.9815790942E+00        0.1600000000E-02
         3      0.1420857849E+00        0.2024070692E-01        0.1600000000E-02
         3      0.1392203171E+00        0.6040845686E-01        0.1600000000E-02
         3      0.1389146419E+00        0.1008963087E+00        0.1600000000E-02
         3      0.1391326015E+00        0.1407205469E+00        0.1600000000E-02
         3      0.1398189359E+00        0.1809434694E+00        0.1600000000E-02
         3      0.1398380825E+00        0.2208552429E+00        0.1600000000E-02
         3      0.1399177933E+00        0.2608965874E+00        0.1600000000E-02
         3      0.1400765711E+00        0.3008691508E+00        0.1600000000E-02
         3      0.1400850813E+00        0.3408225027E+00        0.1600000000E-02
         3      0.1401596510E+00        0.3807798640E+00        0.1600000000E-02
         3      0.1401653730E+00        0.4207270181E+00        0.1600000000E-02
         3      0.1401959158E+00        0.4606734201E+00        0.1600000000E-02
         3      0.1401901304E+00        0.5006198934E+00        0.1600000000E-02
         3      0.1401985864E+00        0.5405638816E+00        0.1600000000E-02
         3      0.1401831483E+00        0.5805140429E+00        0.1600000000E-02
         3      0.1401768152E+00        0.6204569396E+00        0.1600000000E-02
         3      0.1401684736E+00        0.6604168720E+00        0.1600000000E-02
         3      0.1401075976E+00        0.7003592987E+00        0.1600000000E-02
         3      0.1401476291E+00        0.7403150168E+00        0.1600000000E-02
         3      0.1398742195E+00        0.7803210804E+00        0.1600000000E-02
         3      0.1402439627E+00        0.8201847432E+00        0.1600000000E-02
         3      0.1394056314E+00        0.8603304082E+00        0.1600000000E-02
         3      0.1393371763E+00        0.9003130540E+00        0.1600000000E-02
         3      0.1395774077E+00        0.9398831396E+00        0.1600000000E-02
         3      0.1415055115E+00        0.9814368082E+00        0.1600000000E-02
         3      0.1823548242E+00        0.2171295661E-01        0.1600000000E-02
         3      0.1792451532E+00        0.6168945336E-01        0.1600000000E-02
         3      0.1789777132E+00        0.1018467969E+00        0.1600000000E-02
         3      0.1794109870E+00        0.1413604972E+00        0.1600000000E-02
         3      0.1800221506E+00        0.1811872495E+00        0.1600000000E-02
         3      0.1800042877E+00        0.2208650629E+00        0.1600000000E-02
         3      0.1800618326E+00        0.2607184434E+00        0.1600000000E-02
         3      0.1801827734E+00        0.3005732864E+00        0.1600000000E-02
         3      0.1801839023E+00        0.3404743318E+00        0.1600000000E-02
         3      0.1802320173E+00        0.3804175391E+00        0.1600000000E-02
         3      0.1802423339E+00        0.4203699819E+00        0.1600000000E-02
         3      0.1802651360E+00        0.4603339984E+00        0.1600000000E-02
         3      0.1802640836E+00        0.5002977104E+00        0.1600000000E-02
         3      0.1802697328E+00        0.5402617415E+00        0.1600000000E-02
         3      0.1802596818E+00        0.5802223173E+00        0.1600000000E-02
         3      0.1802505405E+00        0.6201815177E+00        0.1600000000E-02
         3      0.1802447688E+00        0.6601351449E+00        0.1600000000E-02
         3      0.1802008293E+00        0.7000892930E+00        0.1600000000E-02
         3      0.1801947367E+00        0.7400204772E+00        0.1600000000E-02
         3      0.1800228376E+00        0.7800102178E+00        0.1600000000E-02
         3      0.1802372362E+00        0.8198693928E+00        0.1600000000E-02
         3      0.1795227505E+00        0.8599466279E+00        0.1600000000E-02
         3      0.1793525149E+00        0.8999359465E+00        0.1600000000E-02
         3      0.1796761106E+00        0.9394865223E+00        0.1600000000E-02
         3      0.1818415127E+00        0.9811608012E+00        0.1600000000E-02
         3      0.2225010437E+00        0.1884980483E-01        0.1600000000E-02
         3      0.2190380389E+00        0.5964039343E-01        0.1600000000E-02
         3      0.2187301697E+00        0.1001909579E+00        0.1600000000E-02
         3      0.2193013440E+00        0.1400156997E+00        0.1600000000E-02
         3      0.2199150920E+00        0.1804232471E+00        0.1600000000E-02
         3      0.2198846858E+00        0.2204491037E+00        0.1600000000E-02
         3      0.2199535874E+00        0.2605289623E+00        0.1600000000E-02
         3      0.2200737774E+00        0.3005287508E+00        0.1600000000E-02
         3      0.2200688994E+00        0.3404899941E+00        0.1600000000E-02
         3      0.2201004225E+00        0.3804481643E+00        0.1600000000E-02
         3      0.2201104932E+00        0.4203934172E+00        0.1600000000E-02
         3      0.2201253250E+00        0.4603429187E+00        0.1600000000E-02
         3      0.2201256871E+00        0.5002938481E+00        0.1600000000E-02
         3      0.2201315840E+00        0.5402439664E+00        0.1600000000E-02
         3      0.2201218802E+00        0.5801979361E+00        0.1600000000E-02
         3      0.2201181595E+00        0.6201453865E+00        0.1600000000E-02
         3      0.2201087399E+00        0.6600977743E+00        0.1600000000E-02
         3      0.2200787073E+00        0.7000520979E+00        0.1600000000E-02
         3      0.2200383258E+00        0.7399898982E+00        0.1600000000E-02
         3      0.2199105756E+00        0.7800081819E+00        0.1600000000E-02
         3      0.2200465528E+00        0.8198928045E+00        0.1600000000E-02
         3      0.2193530900E+00        0.8600264071E+00        0.1600000000E-02
         3      0.2191188636E+00        0.9000732342E+00        0.1600000000E-02
         3      0.2194316005E+00        0.9396982653E+00        0.1600000000E-02
         3      0.2219025567E+00        0.9814182439E+00        0.1600000000E-02
         3      0.2626699845E+00        0.2035184461E-01        0.1600000000E-02
         3      0.2589273308E+00        0.6070988784E-01        0.1600000000E-02
         3      0.2585796787E+00        0.1009892891E+00        0.1600000000E-02
         3      0.2591279830E+00        0.1406282403E+00        0.1600000000E-02
         3      0.2598234317E+00        0.1807706583E+00        0.1600000000E-02
         3      0.2598184837E+00        0.2206019583E+00        0.1600000000E-02
         3      0.2599309352E+00        0.2605749011E+00        0.1600000000E-02
         3      0.2600832454E+00        0.3005127033E+00        0.1600000000E-02
         3      0.2600919430E+00        0.3404527960E+00        0.1600000000E-02
         3      0.2601275387E+00        0.3804118891E+00        0.1600000000E-02
         3      0.2601429123E+00        0.4203631364E+00        0.1600000000E-02
         3      0.2601528280E+00        0.4603223261E+00        0.1600000000E-02
         3      0.2601549004E+00        0.5002811232E+00        0.1600000000E-02
         3      0.2601572648E+00        0.5402401828E+00        0.1600000000E-02
         3      0.2601505032E+00        0.5802004680E+00        0.1600000000E-02
         3      0.2601457368E+00        0.6201574553E+00        0.1600000000E-02
         3      0.2601350899E+00        0.6601155173E+00        0.1600000000E-02
         3      0.2601159560E+00        0.7000734252E+00        0.1600000000E-02
         3      0.2600459566E+00        0.7400073051E+00        0.1600000000E-02
         3      0.2599576779E+00        0.7800079380E+00        0.1600000000E-02
         3      0.2600165974E+00        0.8198677810E+00        0.1600000000E-02
         3      0.2593639956E+00        0.8599418727E+00        0.1600000000E-02
         3      0.2590356578E+00        0.8999300071E+00        0.1600000000E-02
         3      0.2593747541E+00        0.9395111031E+00        0.1600000000E-02
         3      0.2620976006E+00        0.9811793618E+00        0.1600000000E-02
         3      0.3026713657E+00        0.2169780477E-01        0.1600000000E-02
         3      0.2988224196E+00        0.6162975082E-01        0.1600000000E-02
         3      0.2986877143E+00        0.1016271993E+00        0.1600000000E-02
         3      0.2992687521E+00        0.1410879733E+00        0.1600000000E-02
         3      0.2999255296E+00        0.1809882597E+00        0.1600000000E-02
         3      0.2998499457E+00        0.2206943962E+00        0.1600000000E-02
         3      0.2999435579E+00        0.2605885038E+00        0.1600000000E-02
         3      0.3000586923E+00        0.3004755918E+00        0.1600000000E-02
         3      0.3000421462E+00        0.3403996157E+00        0.1600000000E-02
         3      0.3000678039E+00        0.3803576096E+00        0.1600000000E-02
         3      0.3000772806E+00        0.4203125275E+00        0.1600000000E-02
         3      0.3000831459E+00        0.4602782562E+00        0.1600000000E-02
         3      0.3000866630E+00        0.5002429947E+00        0.1600000000E-02
         3      0.3000886013E+00        0.5402053493E+00        0.1600000000E-02
         3      0.3000839828E+00        0.5801693042E+00        0.1600000000E-02
         3      0.3000794826E+00        0.6201279235E+00        0.1600000000E-02
         3      0.3000698109E+00        0.6600892909E+00        0.1600000000E-02
         3      0.3000556069E+00        0.7000555338E+00        0.1600000000E-02
         3      0.2999765028E+00        0.7399923803E+00        0.1600000000E-02
         3      0.2999057245E+00        0.7800146870E+00        0.1600000000E-02
         3      0.2999238740E+00        0.8198921957E+00        0.1600000000E-02
         3      0.2992985053E+00        0.8599914316E+00        0.1600000000E-02
         3      0.2988840278E+00        0.9000168216E+00        0.1600000000E-02
         3      0.2992471959E+00        0.9396143132E+00        0.1600000000E-02
         3      0.3022187295E+00        0.9813501394E+00        0.1600000000E-02
         3      0.3426875971E+00        0.1908606755E-01        0.1600000000E-02
         3      0.3389169948E+00        0.5998571442E-01        0.1600000000E-02
         3      0.3387497980E+00        0.1002820952E+00        0.1600000000E-02
         3      0.3392551483E+00        0.1399891461E+00        0.1600000000E-02
         3      0.3399247071E+00        0.1803713699E+00        0.1600000000E-02
         3      0.3398234968E+00        0.2203499679E+00        0.1600000000E-02
         3      0.3399246497E+00        0.2604251465E+00        0.1600000000E-02
         3      0.3400377790E+00        0.3004286958E+00        0.1600000000E-02
         3      0.3400104550E+00        0.3404004834E+00        0.1600000000E-02
         3      0.3400374524E+00        0.3803753812E+00        0.1600000000E-02
         3      0.3400453330E+00        0.4203298252E+00        0.1600000000E-02
         3      0.3400486662E+00        0.4602901035E+00        0.1600000000E-02
         3      0.3400540938E+00        0.5002484773E+00        0.1600000000E-02
         3      0.3400551831E+00        0.5402062151E+00        0.1600000000E-02
         3      0.3400529581E+00        0.5801664871E+00        0.1600000000E-02
         3      0.3400486531E+00        0.6201213617E+00        0.1600000000E-02
         3      0.3400389940E+00        0.6600787444E+00        0.1600000000E-02
         3      0.3400303033E+00        0.7000385020E+00        0.1600000000E-02
         3      0.3399426810E+00        0.7399656424E+00        0.1600000000E-02
         3      0.3398778388E+00        0.7799745266E+00        0.1600000000E-02
         3      0.3398719144E+00        0.8198335136E+00        0.1600000000E-02
         3      0.3392627897E+00        0.8598995733E+00        0.1600000000E-02
         3      0.3387586264E+00        0.8998950205E+00        0.1600000000E-02
         3      0.3391147913E+00        0.9394925999E+00        0.1600000000E-02
         3      0.3423315016E+00        0.9811832345E+00        0.1600000000E-02
         3      0.3826561660E+00        0.2034681573E-01        0.1600000000E-02
         3      0.3788696036E+00        0.6070269860E-01        0.1600000000E-02
         3      0.3787612401E+00        0.1008122323E+00        0.1600000000E-02
         3      0.3789548653E+00        0.1404206747E+00        0.1600000000E-02
         3      0.3798161114E+00        0.1806547847E+00        0.1600000000E-02
         3      0.3796948861E+00        0.2204805407E+00        0.1600000000E-02
         3      0.3798306937E+00        0.2604900797E+00        0.1600000000E-02
         3      0.3799809943E+00        0.3004473163E+00        0.1600000000E-02
         3      0.3799571131E+00        0.3403986280E+00        0.1600000000E-02
         3      0.3799974593E+00        0.3803696097E+00        0.1600000000E-02
         3      0.3800080452E+00        0.4203237357E+00        0.1600000000E-02
         3      0.3800102729E+00        0.4602861455E+00        0.1600000000E-02
         3      0.3800167887E+00        0.5002462266E+00        0.1600000000E-02
         3      0.3800168001E+00        0.5402046337E+00        0.1600000000E-02
         3      0.3800165701E+00        0.5801653485E+00        0.1600000000E-02
         3      0.3800118083E+00        0.6201208730E+00        0.1600000000E-02
         3      0.3800035835E+00        0.6600791492E+00        0.1600000000E-02
         3      0.3799985632E+00        0.7000422429E+00        0.1600000000E-02
         3      0.3799093428E+00        0.7399717734E+00        0.1600000000E-02
         3      0.3798432482E+00        0.7799893307E+00        0.1600000000E-02
         3      0.3798251242E+00        0.8198560616E+00        0.1600000000E-02
         3      0.3792302243E+00        0.8599325965E+00        0.1600000000E-02
         3      0.3786312920E+00        0.8999398547E+00        0.1600000000E-02
         3      0.3790154672E+00        0.9395262091E+00        0.1600000000E-02
         3      0.3824075503E+00        0.9812667138E+00        0.1600000000E-02
         3      0.4226104582E+00        0.2175078675E-01        0.1600000000E-02
         3      0.4189154509E+00        0.6164870727E-01        0.1600000000E-02
         3      0.4190697399E+00        0.1014315032E+00        0.1600000000E-02
         3      0.4189454845E+00        0.1409343964E+00        0.1600000000E-02
         3      0.4199663364E+00        0.1809183663E+00        0.1600000000E-02
         3      0.4197107362E+00        0.2206047949E+00        0.1600000000E-02
         3      0.4198324929E+00        0.2605425276E+00        0.1600000000E-02
         3      0.4199687517E+00        0.3004571256E+00        0.1600000000E-02
         3      0.4199167676E+00        0.3403888510E+00        0.1600000000E-02
         3      0.4199578066E+00        0.3803583233E+00        0.1600000000E-02
         3      0.4199638389E+00        0.4203145186E+00        0.1600000000E-02
         3      0.4199652644E+00        0.4602808037E+00        0.1600000000E-02
         3      0.4199740546E+00        0.5002435395E+00        0.1600000000E-02
         3      0.4199744991E+00        0.5402031430E+00        0.1600000000E-02
         3      0.4199766010E+00        0.5801642341E+00        0.1600000000E-02
         3      0.4199720313E+00        0.6201193537E+00        0.1600000000E-02
         3      0.4199641665E+00        0.6600774585E+00        0.1600000000E-02
         3      0.4199625890E+00        0.7000394885E+00        0.1600000000E-02
         3      0.4198724919E+00        0.7399670457E+00        0.1600000000E-02
         3      0.4198001009E+00        0.7799819864E+00        0.1600000000E-02
         3      0.4197800646E+00        0.8198409666E+00        0.1600000000E-02
         3      0.4191891767E+00        0.8599103802E+00        0.1600000000E-02
         3      0.4185118472E+00        0.8999025981E+00        0.1600000000E-02
         3      0.4188917517E+00        0.9394886043E+00        0.1600000000E-02
         3      0.4224777010E+00        0.9811980283E+00        0.1600000000E-02
         3      0.4625508599E+00        0.1912953962E-01        0.1600000000E-02
         3      0.4591685154E+00        0.5999928669E-01        0.1600000000E-02
         3      0.4593423475E+00        0.1000350491E+00        0.1600000000E-02
         3      0.4586965255E+00        0.1398043141E+00        0.1600000000E-02
         3      0.4600132041E+00        0.1803207141E+00        0.1600000000E-02
         3      0.4596397622E+00        0.2202505288E+00        0.1600000000E-02
         3      0.4597674414E+00        0.2603806742E+00        0.1600000000E-02
         3      0.4599279438E+00        0.3004159782E+00        0.1600000000E-02
         3      0.4598666130E+00        0.3403910683E+00        0.1600000000E-02
         3      0.4599168146E+00        0.3803784644E+00        0.1600000000E-02
         3      0.4599236134E+00        0.4203344922E+00        0.1600000000E-02
         3      0.4599264115E+00        0.4602953136E+00        0.1600000000E-02
         3      0.4599370821E+00        0.5002523108E+00        0.1600000000E-02
         3      0.4599380698E+00        0.5402074623E+00        0.1600000000E-02
         3      0.4599415694E+00        0.5801659578E+00        0.1600000000E-02
         3      0.4599366434E+00        0.6201201967E+00        0.1600000000E-02
         3      0.4599294410E+00        0.6600779740E+00        0.1600000000E-02
         3      0.4599307225E+00        0.7000402836E+00        0.1600000000E-02
         3      0.4598409429E+00        0.7399685131E+00        0.1600000000E-02
         3      0.4597615377E+00        0.7799852788E+00        0.1600000000E-02
         3      0.4597411313E+00        0.8198466049E+00        0.1600000000E-02
         3      0.4591548069E+00        0.8599191231E+00        0.1600000000E-02
         3      0.4583989021E+00        0.8999163908E+00        0.1600000000E-02
         3      0.4587910255E+00        0.9394939243E+00        0.1600000000E-02
         3      0.4625358468E+00        0.9812233369E+00        0.1600000000E-02
         3      0.5024638277E+00        0.2037714858E-01        0.1600000000E-02
         3      0.4993241424E+00        0.6065294865E-01        0.1600000000E-02
         3      0.4995797572E+00        0.1004763026E+00        0.1600000000E-02
         3      0.4980449447E+00        0.1402020543E+00        0.1600000000E-02
         3      0.4999993596E+00        0.1806360736E+00        0.1600000000E-02
         3      0.4994639245E+00        0.2203936999E+00        0.1600000000E-02
         3      0.4996296064E+00        0.2604653740E+00        0.1600000000E-02
         3      0.4998624172E+00        0.3004504772E+00        0.1600000000E-02
         3      0.4998030307E+00        0.3403997764E+00        0.1600000000E-02
         3      0.4998717237E+00        0.3803805883E+00        0.1600000000E-02
         3      0.4998828830E+00        0.4203336003E+00        0.1600000000E-02
         3      0.4998879638E+00        0.4602961159E+00        0.1600000000E-02
         3      0.4998995006E+00        0.5002541678E+00        0.1600000000E-02
         3      0.4999012141E+00        0.5402093646E+00        0.1600000000E-02
         3      0.4999037869E+00        0.5801681932E+00        0.1600000000E-02
         3      0.4998982775E+00        0.6201231994E+00        0.1600000000E-02
         3      0.4998914849E+00        0.6600815647E+00        0.1600000000E-02
         3      0.4998955425E+00        0.7000438922E+00        0.1600000000E-02
         3      0.4998060889E+00        0.7399721467E+00        0.1600000000E-02
         3      0.4997185966E+00        0.7799892601E+00        0.1600000000E-02
         3      0.4997022621E+00        0.8198466586E+00        0.1600000000E-02
         3      0.4991104251E+00        0.8599217454E+00        0.1600000000E-02
         3      0.4982950370E+00        0.8999105323E+00        0.1600000000E-02
         3      0.4986831676E+00        0.9394818131E+00        0.1600000000E-02
         3      0.5025880227E+00        0.9811993102E+00        0.1600000000E-02
         3      0.5424208555E+00        0.2173406431E-01        0.1600000000E-02
         3      0.5396796325E+00        0.6145062784E-01        0.1600000000E-02
         3      0.5400782333E+00        0.1009281763E+00        0.1600000000E-02
         3      0.5375528456E+00        0.1407005049E+00        0.1600000000E-02
         3      0.5402770180E+00        0.1808733287E+00        0.1600000000E-02
         3      0.5394127047E+00        0.2204984242E+00        0.1600000000E-02
         3      0.5395858197E+00        0.2605139601E+00        0.1600000000E-02
         3      0.5398408725E+00        0.3004664619E+00        0.1600000000E-02
         3      0.5397570956E+00        0.3403993661E+00        0.1600000000E-02
         3      0.5398322562E+00        0.3803800647E+00        0.1600000000E-02
         3      0.5398402236E+00        0.4203339054E+00        0.1600000000E-02
         3      0.5398483770E+00        0.4602989098E+00        0.1600000000E-02
         3      0.5398613127E+00        0.5002581002E+00        0.1600000000E-02
         3      0.5398663777E+00        0.5402118347E+00        0.1600000000E-02
         3      0.5398658792E+00        0.5801702734E+00        0.1600000000E-02
         3      0.5398607374E+00        0.6201263152E+00        0.1600000000E-02
         3      0.5398546981E+00        0.6600846468E+00        0.1600000000E-02
         3      0.5398621173E+00        0.7000460622E+00        0.1600000000E-02
         3      0.5397722364E+00        0.7399740771E+00        0.1600000000E-02
         3      0.5396777984E+00        0.7799907951E+00        0.1600000000E-02
         3      0.5396668365E+00        0.8198462147E+00        0.1600000000E-02
         3      0.5390650436E+00        0.8599218873E+00        0.1600000000E-02
         3      0.5382000125E+00        0.8999112642E+00        0.1600000000E-02
         3      0.5385900771E+00        0.9394694918E+00        0.1600000000E-02
         3      0.5426255818E+00        0.9811914649E+00        0.1600000000E-02
         3      0.5823760675E+00        0.1915757355E-01        0.1600000000E-02
         3      0.5802544962E+00        0.5980986812E-01        0.1600000000E-02
         3      0.5805199787E+00        0.9951350909E-01        0.1600000000E-02
         3      0.5768239397E+00        0.1396032921E+00        0.1600000000E-02
         3      0.5804273106E+00        0.1803454994E+00        0.1600000000E-02
         3      0.5792817504E+00        0.2201917345E+00        0.1600000000E-02
         3      0.5794720505E+00        0.2603894970E+00        0.1600000000E-02
         3      0.5797842552E+00        0.3004534091E+00        0.1600000000E-02
         3      0.5796991645E+00        0.3404225365E+00        0.1600000000E-02
         3      0.5797894850E+00        0.3804162165E+00        0.1600000000E-02
         3      0.5797996240E+00        0.4203643277E+00        0.1600000000E-02
         3      0.5798125177E+00        0.4603200333E+00        0.1600000000E-02
         3      0.5798267362E+00        0.5002709936E+00        0.1600000000E-02
         3      0.5798355395E+00        0.5402172535E+00        0.1600000000E-02
         3      0.5798257621E+00        0.5801735878E+00        0.1600000000E-02
         3      0.5798222925E+00        0.6201311784E+00        0.1600000000E-02
         3      0.5798174581E+00        0.6600898006E+00        0.1600000000E-02
         3      0.5798287234E+00        0.7000508716E+00        0.1600000000E-02
         3      0.5797378815E+00        0.7399791124E+00        0.1600000000E-02
         3      0.5796364836E+00        0.7799969708E+00        0.1600000000E-02
         3      0.5796349176E+00        0.8198487034E+00        0.1600000000E-02
         3      0.5790136933E+00        0.8599280315E+00        0.1600000000E-02
         3      0.5781161384E+00        0.8999116190E+00        0.1600000000E-02
         3      0.5785059629E+00        0.9394584920E+00        0.1600000000E-02
         3      0.5826475597E+00        0.9811764939E+00        0.1600000000E-02
         3      0.6223585332E+00        0.2030097498E-01        0.1600000000E-02
         3      0.6209038413E+00        0.6026305683E-01        0.1600000000E-02
         3      0.6207484693E+00        0.9982405218E-01        0.1600000000E-02
         3      0.6156041095E+00        0.1399317117E+00        0.1600000000E-02
         3      0.6205466365E+00        0.1806664038E+00        0.1600000000E-02
         3      0.6190181523E+00        0.2203746939E+00        0.1600000000E-02
         3      0.6193188141E+00        0.2605146864E+00        0.1600000000E-02
         3      0.6197079721E+00        0.3005059950E+00        0.1600000000E-02
         3      0.6196379403E+00        0.3404568555E+00        0.1600000000E-02
         3      0.6197505865E+00        0.3804359951E+00        0.1600000000E-02
         3      0.6197683116E+00        0.4203778120E+00        0.1600000000E-02
         3      0.6197828987E+00        0.4603292724E+00        0.1600000000E-02
         3      0.6197988252E+00        0.5002756672E+00        0.1600000000E-02
         3      0.6198100591E+00        0.5402176708E+00        0.1600000000E-02
         3      0.6197814886E+00        0.5801763712E+00        0.1600000000E-02
         3      0.6197831487E+00        0.6201380830E+00        0.1600000000E-02
         3      0.6197796570E+00        0.6600972414E+00        0.1600000000E-02
         3      0.6197959674E+00        0.7000574721E+00        0.1600000000E-02
         3      0.6197014118E+00        0.7399864699E+00        0.1600000000E-02
         3      0.6195943056E+00        0.7800068826E+00        0.1600000000E-02
         3      0.6196055091E+00        0.8198569296E+00        0.1600000000E-02
         3      0.6189524137E+00        0.8599421268E+00        0.1600000000E-02
         3      0.6180435393E+00        0.8999286243E+00        0.1600000000E-02
         3      0.6184333016E+00        0.9394610575E+00        0.1600000000E-02
         3      0.6226636381E+00        0.9811800842E+00        0.1600000000E-02
         3      0.6624411051E+00        0.2175913030E-01        0.1600000000E-02
         3      0.6618917325E+00        0.6090567601E-01        0.1600000000E-02
         3      0.6609843409E+00        0.1002704308E+00        0.1600000000E-02
         3      0.6545410713E+00        0.1405728948E+00        0.1600000000E-02
         3      0.6609559160E+00        0.1808529238E+00        0.1600000000E-02
         3      0.6588307840E+00        0.2205044659E+00        0.1600000000E-02
         3      0.6592973381E+00        0.2605766972E+00        0.1600000000E-02
         3      0.6596494176E+00        0.3005252545E+00        0.1600000000E-02
         3      0.6596027916E+00        0.3404773316E+00        0.1600000000E-02
         3      0.6597079289E+00        0.3804510665E+00        0.1600000000E-02
         3      0.6597443263E+00        0.4203954293E+00        0.1600000000E-02
         3      0.6597556971E+00        0.4603402332E+00        0.1600000000E-02
         3      0.6597760690E+00        0.5002782673E+00        0.1600000000E-02
         3      0.6597845662E+00        0.5402163488E+00        0.1600000000E-02
         3      0.6597296524E+00        0.5801790051E+00        0.1600000000E-02
         3      0.6597427224E+00        0.6201457626E+00        0.1600000000E-02
         3      0.6597419086E+00        0.6601052118E+00        0.1600000000E-02
         3      0.6597643709E+00        0.7000638171E+00        0.1600000000E-02
         3      0.6596636318E+00        0.7399932723E+00        0.1600000000E-02
         3      0.6595518061E+00        0.7800145574E+00        0.1600000000E-02
         3      0.6595821150E+00        0.8198579856E+00        0.1600000000E-02
         3      0.6588816881E+00        0.8599451604E+00        0.1600000000E-02
         3      0.6579852170E+00        0.8999267929E+00        0.1600000000E-02
         3      0.6583740378E+00        0.9394411842E+00        0.1600000000E-02
         3      0.6626640499E+00        0.9811499876E+00        0.1600000000E-02
         3      0.7026096536E+00        0.1909483317E-01        0.1600000000E-02
         3      0.7030987872E+00        0.5922652666E-01        0.1600000000E-02
         3      0.7010497100E+00        0.9885648069E-01        0.1600000000E-02
         3      0.6934913606E+00        0.1395529383E+00        0.1600000000E-02
         3      0.7011080894E+00        0.1803612073E+00        0.1600000000E-02
         3      0.6985627978E+00        0.2202903690E+00        0.1600000000E-02
         3      0.6992707646E+00        0.2605169273E+00        0.1600000000E-02
         3      0.6995137114E+00        0.3005473514E+00        0.1600000000E-02
         3      0.6995932010E+00        0.3405454804E+00        0.1600000000E-02
         3      0.6996374507E+00        0.3805222962E+00        0.1600000000E-02
         3      0.6997402634E+00        0.4204714982E+00        0.1600000000E-02
         3      0.6997470063E+00        0.4603791628E+00        0.1600000000E-02
         3      0.6997711969E+00        0.5002874304E+00        0.1600000000E-02
         3      0.6997579664E+00        0.5402181351E+00        0.1600000000E-02
         3      0.6996712517E+00        0.5801864330E+00        0.1600000000E-02
         3      0.6997012268E+00        0.6201558205E+00        0.1600000000E-02
         3      0.6997035489E+00        0.6601151817E+00        0.1600000000E-02
         3      0.6997342677E+00        0.7000728243E+00        0.1600000000E-02
         3      0.6996202960E+00        0.7400061403E+00        0.1600000000E-02
         3      0.6995063029E+00        0.7800355657E+00        0.1600000000E-02
         3      0.6995626373E+00        0.8198781266E+00        0.1600000000E-02
         3      0.6987913145E+00        0.8599824819E+00        0.1600000000E-02
         3      0.6979438196E+00        0.8999709365E+00        0.1600000000E-02
         3      0.6983293046E+00        0.9394660141E+00        0.1600000000E-02
         3      0.7026665540E+00        0.9811782955E+00        0.1600000000E-02
         3      0.7428874348E+00        0.1971625053E-01        0.1600000000E-02
         3      0.7445032855E+00        0.5930423024E-01        0.1600000000E-02
         3      0.7405625764E+00        0.9884286405E-01        0.1600000000E-02
         3      0.7319752456E+00        0.1395559608E+00        0.1600000000E-02
         3      0.7411484955E+00        0.1805613567E+00        0.1600000000E-02
         3      0.7380604417E+00        0.2204998873E+00        0.1600000000E-02
         3      0.7393209460E+00        0.2606767902E+00        0.1600000000E-02
         3      0.7392673671E+00        0.3006383531E+00        0.1600000000E-02
         3      0.7396484250E+00        0.3406327223E+00        0.1600000000E-02
         3      0.7395215363E+00        0.3805743736E+00        0.1600000000E-02
         3      0.7397795816E+00        0.4205446183E+00        0.1600000000E-02
         3      0.7397705839E+00        0.4604078174E+00        0.1600000000E-02
         3      0.7397919209E+00        0.5002717878E+00        0.1600000000E-02
         3      0.7397140960E+00        0.5402116099E+00        0.1600000000E-02
         3      0.7396104427E+00        0.5801945934E+00        0.1600000000E-02
         3      0.7396561744E+00        0.6201676550E+00        0.1600000000E-02
         3      0.7396671455E+00        0.6601301885E+00        0.1600000000E-02
         3      0.7397056328E+00        0.7000825680E+00        0.1600000000E-02
         3      0.7395709880E+00        0.7400166570E+00        0.1600000000E-02
         3      0.7394593419E+00        0.7800481057E+00        0.1600000000E-02
         3      0.7395513762E+00        0.8198815342E+00        0.1600000000E-02
         3      0.7386744042E+00        0.8599931697E+00        0.1600000000E-02
         3      0.7379278615E+00        0.8999805750E+00        0.1600000000E-02
         3      0.7382987498E+00        0.9394450630E+00        0.1600000000E-02
         3      0.7426622358E+00        0.9811412503E+00        0.1600000000E-02
         3      0.7831641451E+00        0.2234785852E-01        0.1600000000E-02
         3      0.7866184859E+00        0.6030031650E-01        0.1600000000E-02
         3      0.7798564923E+00        0.9981301086E-01        0.1600000000E-02
         3      0.7706415481E+00        0.1404855745E+00        0.1600000000E-02
         3      0.7815260963E+00        0.1806994000E+00        0.1600000000E-02
         3      0.7774597306E+00        0.2206477523E+00        0.1600000000E-02
         3      0.7796208707E+00        0.2607304878E+00        0.1600000000E-02
         3      0.7789041111E+00        0.3006790840E+00        0.1600000000E-02
         3      0.7798278495E+00        0.3407276209E+00        0.1600000000E-02
         3      0.7793042934E+00        0.3806466883E+00        0.1600000000E-02
         3      0.7798684003E+00        0.4206787628E+00        0.1600000000E-02
         3      0.7798608306E+00        0.4604543827E+00        0.1600000000E-02
         3      0.7798432516E+00        0.5002469492E+00        0.1600000000E-02
         3      0.7796249422E+00        0.5402135329E+00        0.1600000000E-02
         3      0.7795547178E+00        0.5802137644E+00        0.1600000000E-02
         3      0.7796006094E+00        0.6201801924E+00        0.1600000000E-02
         3      0.7796357716E+00        0.6601479862E+00        0.1600000000E-02
         3      0.7796771309E+00        0.7000965326E+00        0.1600000000E-02
         3      0.7795139348E+00        0.7400385954E+00        0.1600000000E-02
         3      0.7794121917E+00        0.7800810977E+00        0.1600000000E-02
         3      0.7795464303E+00        0.8199009474E+00        0.1600000000E-02
         3      0.7785204682E+00        0.8600409389E+00        0.1600000000E-02
         3      0.7779456496E+00        0.9000371705E+00        0.1600000000E-02
         3      0.7782892939E+00        0.9394662399E+00        0.1600000000E-02
         3      0.7826537879E+00        0.9811653860E+00        0.1600000000E-02
         3      0.8233102600E+00        0.1972092226E-01        0.1600000000E-02
         3      0.8288104844E+00        0.5876518459E-01        0.1600000000E-02
         3      0.8195313559E+00        0.9832363427E-01        0.1600000000E-02
         3      0.8095579749E+00        0.1395106784E+00        0.1600000000E-02
         3      0.8215465693E+00        0.1802829389E+00        0.1600000000E-02
         3      0.8167727109E+00        0.2206528558E+00        0.1600000000E-02
         3      0.8200509879E+00        0.2607832273E+00        0.1600000000E-02
         3      0.8183067690E+00        0.3007871621E+00        0.1600000000E-02
         3      0.8202015726E+00        0.3408640328E+00        0.1600000000E-02
         3      0.8189020290E+00        0.3808121685E+00        0.1600000000E-02
         3      0.8200312156E+00        0.4209427190E+00        0.1600000000E-02
         3      0.8200700006E+00        0.4605806875E+00        0.1600000000E-02
         3      0.8199446504E+00        0.5002391114E+00        0.1600000000E-02
         3      0.8194668377E+00        0.5402498389E+00        0.1600000000E-02
         3      0.8195413807E+00        0.5802573724E+00        0.1600000000E-02
         3      0.8195263584E+00        0.6202031418E+00        0.1600000000E-02
         3      0.8196183948E+00        0.6601727774E+00        0.1600000000E-02
         3      0.8196480557E+00        0.7000985091E+00        0.1600000000E-02
         3      0.8194511310E+00        0.7400485539E+00        0.1600000000E-02
         3      0.8193574712E+00        0.7800926964E+00        0.1600000000E-02
         3      0.8195612440E+00        0.8199085993E+00        0.1600000000E-02
         3      0.8183129806E+00        0.8600808559E+00        0.1600000000E-02
         3      0.8180111910E+00        0.9000841021E+00        0.1600000000E-02
         3      0.8182912181E+00        0.9394641095E+00        0.1600000000E-02
         3      0.8226530820E+00        0.9811601582E+00        0.1600000000E-02
         3      0.8638009874E+00        0.1946273707E-01        0.1600000000E-02
         3      0.8709455904E+00        0.5917510875E-01        0.1600000000E-02
         3      0.8585576783E+00        0.9847354767E-01        0.1600000000E-02
         3      0.8480296324E+00        0.1393425706E+00        0.1600000000E-02
         3      0.8613964348E+00        0.1801891473E+00        0.1600000000E-02
         3      0.8558193825E+00        0.2204777918E+00        0.1600000000E-02
         3      0.8606268843E+00        0.2607585170E+00        0.1600000000E-02
         3      0.8574015537E+00        0.3008599328E+00        0.1600000000E-02
         3      0.8607445912E+00        0.3410087405E+00        0.1600000000E-02
         3      0.8582808459E+00        0.3808821018E+00        0.1600000000E-02
         3      0.8602627120E+00        0.4211767761E+00        0.1600000000E-02
         3      0.8604751721E+00        0.4606470797E+00        0.1600000000E-02
         3      0.8600704969E+00        0.5001671280E+00        0.1600000000E-02
         3      0.8591910849E+00        0.5402849978E+00        0.1600000000E-02
         3      0.8596044042E+00        0.5803037261E+00        0.1600000000E-02
         3      0.8594116892E+00        0.6202336588E+00        0.1600000000E-02
         3      0.8596452523E+00        0.6602208647E+00        0.1600000000E-02
         3      0.8596087323E+00        0.7001315500E+00        0.1600000000E-02
         3      0.8593846625E+00        0.7400872347E+00        0.1600000000E-02
         3      0.8592983077E+00        0.7801326039E+00        0.1600000000E-02
         3      0.8595887610E+00        0.8199308650E+00        0.1600000000E-02
         3      0.8580189724E+00        0.8601404627E+00        0.1600000000E-02
         3      0.8581337149E+00        0.9001521544E+00        0.1600000000E-02
         3      0.8583317374E+00        0.9394826886E+00        0.1600000000E-02
         3      0.8626444432E+00        0.9811505418E+00        0.1600000000E-02
         3      0.9045440756E+00        0.1975501485E-01        0.1600000000E-02
         3      0.9132095222E+00        0.5775719470E-01        0.1600000000E-02
         3      0.8984387873E+00        0.9727835942E-01        0.1600000000E-02
         3      0.8865184788E+00        0.1386744101E+00        0.1600000000E-02
         3      0.9008929478E+00        0.1802369130E+00        0.1600000000E-02
         3      0.8946744802E+00        0.2209803571E+00        0.1600000000E-02
         3      0.9014366883E+00        0.2608225362E+00        0.1600000000E-02
         3      0.8962863051E+00        0.3011263354E+00        0.1600000000E-02
         3      0.9016082433E+00        0.3411514008E+00        0.1600000000E-02
         3      0.8973874605E+00        0.3811360386E+00        0.1600000000E-02
         3      0.9005647789E+00        0.4215398596E+00        0.1600000000E-02
         3      0.9011958930E+00        0.4607497857E+00        0.1600000000E-02
         3      0.9002128104E+00        0.5000499846E+00        0.1600000000E-02
         3      0.8987623169E+00        0.5403195157E+00        0.1600000000E-02
         3      0.8997655626E+00        0.5803621273E+00        0.1600000000E-02
         3      0.8992025162E+00        0.6202630154E+00        0.1600000000E-02
         3      0.8997358261E+00        0.6602728509E+00        0.1600000000E-02
         3      0.8995409177E+00        0.7001459155E+00        0.1600000000E-02
         3      0.8993364894E+00        0.7401090074E+00        0.1600000000E-02
         3      0.8992395345E+00        0.7801531071E+00        0.1600000000E-02
         3      0.8996547590E+00        0.8199163471E+00        0.1600000000E-02
         3      0.8976113129E+00        0.8601423093E+00        0.1600000000E-02
         3      0.8983736293E+00        0.9002584197E+00        0.1600000000E-02
         3      0.8983618636E+00        0.9394539410E+00        0.1600000000E-02
         3      0.9026331243E+00        0.9811854407E+00        0.1600000000E-02
         3      0.9452961231E+00        0.2250818250E-01        0.1600000000E-02
         3      0.9571737051E+00        0.5878302814E-01        0.1600000000E-02
         3      0.9381474300E+00        0.9665766473E-01        0.1600000000E-02
         3      0.9241952591E+00        0.1374640840E+00        0.1600000000E-02
         3      0.9408669240E+00        0.1772064178E+00        0.1600000000E-02
         3      0.9333133292E+00        0.2188452147E+00        0.1600000000E-02
         3      0.9416046888E+00        0.2595835203E+00        0.1600000000E-02
         3      0.9350351034E+00        0.3003564897E+00        0.1600000000E-02
         3      0.9423942355E+00        0.3403838008E+00        0.1600000000E-02
         3      0.9362631706E+00        0.3807901081E+00        0.1600000000E-02
         3      0.9407184986E+00        0.4216056313E+00        0.1600000000E-02
         3      0.9423032477E+00        0.4608033634E+00        0.1600000000E-02
         3      0.9402458505E+00        0.4999871077E+00        0.1600000000E-02
         3      0.9381627368E+00        0.5404523912E+00        0.1600000000E-02
         3      0.9401249364E+00        0.5804325712E+00        0.1600000000E-02
         3      0.9388435850E+00        0.6203597736E+00        0.1600000000E-02
         3      0.9399629864E+00        0.6603827546E+00        0.1600000000E-02
         3      0.9393982874E+00        0.7001987980E+00        0.1600000000E-02
         3      0.9393554969E+00        0.7401773085E+00        0.1600000000E-02
         3      0.9391624722E+00        0.7801917858E+00        0.1600000000E-02
         3      0.9397627303E+00        0.8199365681E+00        0.1600000000E-02
         3      0.9371626567E+00        0.8602238726E+00        0.1600000000E-02
         3      0.9386113113E+00        0.9003431783E+00        0.1600000000E-02
         3      0.9384305181E+00        0.9394004536E+00        0.1600000000E-02
         3      0.9426208129E+00        0.9814053962E+00        0.1600000000E-02
         3      0.9869509735E+00        0.2402649287E-01        0.1600000000E-02
         3      0.1004128918E+01        0.5427911090E-01        0.1600000000E-02
         3      0.9804279718E+00        0.9647977014E-01        0.1600000000E-02
         3      0.9623921435E+00        0.1353355524E+00        0.1600000000E-02
         3      0.9806810618E+00        0.1749639596E+00        0.1600000000E-02
         3      0.9707847279E+00        0.2164202563E+00        0.1600000000E-02
         3      0.9818999274E+00        0.2571445894E+00        0.1600000000E-02
         3      0.9733039598E+00        0.2986568706E+00        0.1600000000E-02
         3      0.9824557397E+00        0.3395383295E+00        0.1600000000E-02
         3      0.9747689596E+00        0.3803455047E+00        0.1600000000E-02
         3      0.9805088226E+00        0.4213389571E+00        0.1600000000E-02
         3      0.9837651781E+00        0.4604838655E+00        0.1600000000E-02
         3      0.9800515789E+00        0.4996953198E+00        0.1600000000E-02
         3      0.9773970958E+00        0.5405210422E+00        0.1600000000E-02
         3      0.9806047729E+00        0.5804957776E+00        0.1600000000E-02
         3      0.9783350408E+00        0.6204106459E+00        0.1600000000E-02
         3      0.9803857803E+00        0.6604581117E+00        0.1600000000E-02
         3      0.9791255219E+00        0.7002747426E+00        0.1600000000E-02
         3      0.9794659548E+00        0.7403117744E+00        0.1600000000E-02
         3      0.9789567147E+00        0.7803723693E+00        0.1600000000E-02
         3      0.9798694393E+00        0.8201652066E+00        0.1600000000E-02
         3      0.9764425600E+00        0.8607157245E+00        0.1600000000E-02
         3      0.9787938994E+00        0.9010612498E+00        0.1600000000E-02
         3      0.9786288201E+00        0.9402084151E+00        0.1600000000E-02
         3      0.9826424723E+00        0.9821347734E+00        0.1600000000E-02
         3      0.1019284257E+01        0.9047578462E-01        0.1600000000E-02
         3      0.1037782275E+01        0.1256158272E+00        0.1600000000E-02
         3      0.1002912724E+01        0.1367106364E+00        0.1600000000E-02
         3      0.1021921254E+01        0.1779805806E+00        0.1600000000E-02
         3      0.1008278935E+01        0.2165624614E+00        0.1600000000E-02
         3      0.1021919694E+01        0.2579746528E+00        0.1600000000E-02
         3      0.1011080769E+01        0.2983790586E+00        0.1600000000E-02
         3      0.1023000989E+01        0.3392908326E+00        0.1600000000E-02
         3      0.1013045360E+01        0.3797671656E+00        0.1600000000E-02
         3      0.1019876829E+01        0.4217536934E+00        0.1600000000E-02
         3      0.1025932265E+01        0.4604658120E+00        0.1600000000E-02
         3      0.1019676328E+01        0.4989966337E+00        0.1600000000E-02
         3      0.1016437832E+01        0.5401138755E+00        0.1600000000E-02
         3      0.1021169461E+01        0.5802093021E+00        0.1600000000E-02
         3      0.1017512176E+01        0.6203321244E+00        0.1600000000E-02
         3      0.1020970369E+01        0.6604999162E+00        0.1600000000E-02
         3      0.1018609870E+01        0.7002767719E+00        0.1600000000E-02
         3      0.1019769898E+01        0.7403313555E+00        0.1600000000E-02
         3      0.1018614752E+01        0.7802632934E+00        0.1600000000E-02
         3      0.1020276422E+01        0.8199453623E+00        0.1600000000E-02
         3      0.1015519857E+01        0.8601018884E+00        0.1600000000E-02
         3      0.1018925755E+01        0.9004109631E+00        0.1600000000E-02
         3      0.1019217942E+01        0.9395439612E+00        0.1600000000E-02
         3      0.1022694221E+01        0.9795290902E+00        0.1600000000E-02
         3      0.1056600262E+01        0.1601105909E+00        0.1600000000E-02
         3      0.1075346042E+01        0.1939219433E+00        0.1600000000E-02
         3      0.1046650832E+01        0.2202052500E+00        0.1600000000E-02
         3      0.1062950969E+01        0.2605082491E+00        0.1600000000E-02
         3      0.1049142821E+01        0.2994326245E+00        0.1600000000E-02
         3      0.1062660736E+01        0.3403046858E+00        0.1600000000E-02
         3      0.1050756751E+01        0.3816081302E+00        0.1600000000E-02
         3      0.1060008896E+01        0.4228253682E+00        0.1600000000E-02
         3      0.1069191021E+01        0.4607587264E+00        0.1600000000E-02
         3      0.1058732005E+01        0.4996959589E+00        0.1600000000E-02
         3      0.1055502854E+01        0.5405429589E+00        0.1600000000E-02
         3      0.1061755096E+01        0.5806293428E+00        0.1600000000E-02
         3      0.1056472924E+01        0.6207472456E+00        0.1600000000E-02
         3      0.1061932501E+01        0.6607309514E+00        0.1600000000E-02
         3      0.1057840890E+01        0.7005721419E+00        0.1600000000E-02
         3      0.1060399299E+01        0.7405328316E+00        0.1600000000E-02
         3      0.1058172614E+01        0.7803890348E+00        0.1600000000E-02
         3      0.1060890751E+01        0.8201711910E+00        0.1600000000E-02
         3      0.1054585696E+01        0.8604112648E+00        0.1600000000E-02
         3      0.1058999775E+01        0.9010982141E+00        0.1600000000E-02
         3      0.1060437719E+01        0.9401598158E+00        0.1600000000E-02
         3      0.1062987039E+01        0.9803227509E+00        0.1600000000E-02
         3      0.1093381578E+01        0.2316237357E+00        0.1600000000E-02
         3      0.1110954870E+01        0.2660150349E+00        0.1600000000E-02
         3      0.1087854132E+01        0.3011913781E+00        0.1600000000E-02
         3      0.1104330933E+01        0.3416498636E+00        0.1600000000E-02
         3      0.1088505342E+01        0.3800460114E+00        0.1600000000E-02
         3      0.1099505174E+01        0.4212928475E+00        0.1600000000E-02
         3      0.1112389239E+01        0.4585576926E+00        0.1600000000E-02
         3      0.1098941649E+01        0.4971290823E+00        0.1600000000E-02
         3      0.1093943868E+01        0.5393477597E+00        0.1600000000E-02
         3      0.1102018587E+01        0.5798440862E+00        0.1600000000E-02
         3      0.1095449259E+01        0.6204783132E+00        0.1600000000E-02
         3      0.1103015033E+01        0.6599994548E+00        0.1600000000E-02
         3      0.1096905993E+01        0.7001633442E+00        0.1600000000E-02
         3      0.1101187825E+01        0.7403085073E+00        0.1600000000E-02
         3      0.1097449457E+01        0.7804026614E+00        0.1600000000E-02
         3      0.1101485541E+01        0.8203512181E+00        0.1600000000E-02
         3      0.1093500168E+01        0.8605635360E+00        0.1600000000E-02
         3      0.1098830020E+01        0.9012032277E+00        0.1600000000E-02
         3      0.1101723020E+01        0.9402539186E+00        0.1600000000E-02
         3      0.1103044926E+01        0.9813093118E+00        0.1600000000E-02
         3      0.1129975136E+01        0.3034541640E+00        0.1600000000E-02
         3      0.1144743322E+01        0.3403201162E+00        0.1600000000E-02
         3      0.1127906808E+01        0.3841658424E+00        0.1600000000E-02
         3      0.1141650652E+01        0.4240539502E+00        0.1600000000E-02
         3      0.1159212002E+01        0.4583381134E+00        0.1600000000E-02
         3      0.1139399132E+01        0.4931802246E+00        0.1600000000E-02
         3      0.1131318215E+01        0.5349714731E+00        0.1600000000E-02
         3      0.1141950091E+01        0.5753448553E+00        0.1600000000E-02
         3      0.1134071360E+01        0.6175193184E+00        0.1600000000E-02
         3      0.1143331993E+01        0.6583458486E+00        0.1600000000E-02
         3      0.1135370285E+01        0.6994777097E+00        0.1600000000E-02
         3      0.1141763972E+01        0.7399654801E+00        0.1600000000E-02
         3      0.1136412650E+01        0.7804519498E+00        0.1600000000E-02
         3      0.1141932379E+01        0.8206610301E+00        0.1600000000E-02
         3      0.1132381812E+01        0.8611290112E+00        0.1600000000E-02
         3      0.1138513702E+01        0.9019954074E+00        0.1600000000E-02
         3      0.1143115224E+01        0.9407282601E+00        0.1600000000E-02
         3      0.1143197146E+01        0.9817932737E+00        0.1600000000E-02
         3      0.1165116021E+01        0.3752450730E+00        0.1600000000E-02
         3      0.1182685225E+01        0.4106218495E+00        0.1600000000E-02
         3      0.1199672139E+01        0.4445850477E+00        0.1600000000E-02
         3      0.1182087060E+01        0.4951827068E+00        0.1600000000E-02
         3      0.1168675143E+01        0.5332761492E+00        0.1600000000E-02
         3      0.1181329303E+01        0.5762384797E+00        0.1600000000E-02
         3      0.1171453091E+01        0.6161261549E+00        0.1600000000E-02
         3      0.1183372302E+01        0.6574815459E+00        0.1600000000E-02
         3      0.1173428396E+01        0.6988580639E+00        0.1600000000E-02
         3      0.1182171924E+01        0.7393494401E+00        0.1600000000E-02
         3      0.1174978621E+01        0.7800074900E+00        0.1600000000E-02
         3      0.1182605155E+01        0.8200120829E+00        0.1600000000E-02
         3      0.1171424473E+01        0.8601642269E+00        0.1600000000E-02
         3      0.1177840254E+01        0.9009068962E+00        0.1600000000E-02
         3      0.1184882442E+01        0.9400044900E+00        0.1600000000E-02
         3      0.1183277059E+01        0.9796144316E+00        0.1600000000E-02
         3      0.1217285890E+01        0.4800408833E+00        0.1600000000E-02
         3      0.1233977814E+01        0.5154655603E+00        0.1600000000E-02
         3      0.1206638089E+01        0.5402759495E+00        0.1600000000E-02
         3      0.1223245770E+01        0.5809620779E+00        0.1600000000E-02
         3      0.1209306832E+01        0.6194067360E+00        0.1600000000E-02
         3      0.1225107459E+01        0.6587932327E+00        0.1600000000E-02
         3      0.1210911643E+01        0.6975952053E+00        0.1600000000E-02
         3      0.1223043340E+01        0.7392183331E+00        0.1600000000E-02
         3      0.1213298019E+01        0.7793722545E+00        0.1600000000E-02
         3      0.1222208007E+01        0.8218223055E+00        0.1600000000E-02
         3      0.1210453721E+01        0.8616235702E+00        0.1600000000E-02
         3      0.1217467760E+01        0.9029950474E+00        0.1600000000E-02
         3      0.1227380342E+01        0.9415420719E+00        0.1600000000E-02
         3      0.1223543817E+01        0.9815208745E+00        0.1600000000E-02
         3      0.1253256682E+01        0.5522075746E+00        0.1600000000E-02
         3      0.1270902133E+01        0.5867146517E+00        0.1600000000E-02
         3      0.1249660861E+01        0.6207408743E+00        0.1600000000E-02
         3      0.1266183565E+01        0.6644959504E+00        0.1600000000E-02
         3      0.1249061869E+01        0.7022573869E+00        0.1600000000E-02
         3      0.1263252636E+01        0.7437351763E+00        0.1600000000E-02
         3      0.1250703994E+01        0.7841134350E+00        0.1600000000E-02
         3      0.1263395713E+01        0.8245124234E+00        0.1600000000E-02
         3      0.1249071714E+01        0.8640408287E+00        0.1600000000E-02
         3      0.1257606796E+01        0.9046124173E+00        0.1600000000E-02
         3      0.1271491542E+01        0.9413768969E+00        0.1600000000E-02
         3      0.1263639930E+01        0.9797736340E+00        0.1600000000E-02
         3      0.1288450106E+01        0.6264869810E+00        0.1600000000E-02
         3      0.1308524646E+01        0.6605119619E+00        0.1600000000E-02
         3      0.1287766498E+01        0.7056936740E+00        0.1600000000E-02
         3      0.1305020754E+01        0.7444972232E+00        0.1600000000E-02
         3      0.1288585498E+01        0.7837493315E+00        0.1600000000E-02
         3      0.1303272029E+01        0.8252800873E+00        0.1600000000E-02
         3      0.1288214060E+01        0.8654038250E+00        0.1600000000E-02
         3      0.1299390342E+01        0.9051921436E+00        0.1600000000E-02
         3      0.1316289150E+01        0.9420346686E+00        0.1600000000E-02
         3      0.1303946244E+01        0.9816122842E+00        0.1600000000E-02
         3      0.1326084036E+01        0.6967345827E+00        0.1600000000E-02
         3      0.1344808713E+01        0.7321945452E+00        0.1600000000E-02
         3      0.1326893405E+01        0.7849363922E+00        0.1600000000E-02
         3      0.1343926165E+01        0.8242229624E+00        0.1600000000E-02
         3      0.1326932979E+01        0.8654076872E+00        0.1600000000E-02
         3      0.1340320923E+01        0.9050989232E+00        0.1600000000E-02
         3      0.1359952225E+01        0.9416816388E+00        0.1600000000E-02
         3      0.1344803433E+01        0.9796197933E+00        0.1600000000E-02
         3      0.1360426732E+01        0.7679524874E+00        0.1600000000E-02
         3      0.1377683658E+01        0.8045495988E+00        0.1600000000E-02
         3      0.1366304102E+01        0.8630686484E+00        0.1600000000E-02
         3      0.1381463072E+01        0.9024311090E+00        0.1600000000E-02
         3      0.1402351901E+01        0.9370079652E+00        0.1600000000E-02
         3      0.1384560314E+01        0.9822037908E+00        0.1600000000E-02
         3      0.1396652276E+01        0.8384996158E+00        0.1600000000E-02
         3      0.1413100588E+01        0.8755587794E+00        0.1600000000E-02
         3      0.1431434712E+01        0.9092661560E+00        0.1600000000E-02
         3      0.1425007243E+01        0.9793371766E+00        0.1600000000E-02
         3      0.1447113997E+01        0.9469649298E+00        0.1600000000E-02
         3      0.1463640210E+01        0.9840575727E+00        0.1600000000E-02
