1          -18.3269000000       87.6306500000        -18.7346000000       87.3411300000       
1          -18.7346000000       87.3411300000        -19.1417000000       87.0508300000       
1          -19.1417000000       87.0508300000        -19.5369000000       86.7446400000       
1          -19.5369000000       86.7446400000        -19.9345000000       86.4420900000       
1          -19.9345000000       86.4420900000        -20.3024000000       86.1048900000       
1          -20.3024000000       86.1048900000        -20.6415000000       85.7374800000       
1          -20.6415000000       85.7374800000        -20.9481000000       85.3453400000       
1          -20.9481000000       85.3453400000        -21.2104000000       84.9196800000       
1          -21.2104000000       84.9196800000        -21.4195000000       84.4658000000       
1          -21.4195000000       84.4658000000        -21.5845000000       83.9938200000       
1          -21.5845000000       83.9938200000        -21.7133000000       83.5110500000       
1          -21.7133000000       83.5110500000        -21.7938000000       83.0185100000       
1          -21.7938000000       83.0185100000        -21.8115000000       82.5193800000       
1          -21.8115000000       82.5193800000        -21.8124000000       82.0196800000       
1          -21.8124000000       82.0196800000        -21.8053000000       81.5198600000       
1          -21.8053000000       81.5198600000        -21.7866000000       81.0204200000       
1          -21.7866000000       81.0204200000        -21.7268000000       80.5267900000       
1          -21.7268000000       80.5267900000        -21.5649000000       80.0542700000       
1          -21.5649000000       80.0542700000        -21.4136000000       79.5785300000       
1          -21.4136000000       79.5785300000        -21.2734000000       79.0989000000       
1          -21.2734000000       79.0989000000        -21.1003000000       78.6354400000       
1          -21.1003000000       78.6354400000        -21.0187000000       78.1422000000       
1          -21.0187000000       78.1422000000        -20.9156000000       77.6540300000       
1          -20.9156000000       77.6540300000        -20.7568000000       77.1804300000       
1          -20.7568000000       77.1804300000        -20.6572000000       76.7002900000       
1          -20.6572000000       76.7002900000        -20.6964000000       76.2019300000       
1          -20.6964000000       76.2019300000        -20.7448000000       75.7044300000       
1          -20.7448000000       75.7044300000        -20.8201000000       75.2101100000       
1          -20.8201000000       75.2101100000        -20.8889000000       74.7148900000       
1          -20.8889000000       74.7148900000        -20.9874000000       74.2297200000       
1          -20.9874000000       74.2297200000        -21.2204000000       73.7873300000       
1          -21.2204000000       73.7873300000        -21.4431000000       73.3397300000       
1          -21.4431000000       73.3397300000        -21.6651000000       72.8916900000       
1          -21.6651000000       72.8916900000        -21.8778000000       72.4391900000       
1          -21.8778000000       72.4391900000        -22.0882000000       71.9855900000       
1          -22.0882000000       71.9855900000        -22.2890000000       71.5277200000       
1          -22.2890000000       71.5277200000        -22.4930000000       71.0712300000       
1          -22.4930000000       71.0712300000        -22.6869000000       70.6105500000       
1          -22.6869000000       70.6105500000        -22.8652000000       70.1434000000       
1          -22.8652000000       70.1434000000        -23.0340000000       69.6733700000       
1          -23.0340000000       69.6733700000        -23.1445000000       69.1857100000       
1          -23.1445000000       69.1857100000        -23.2549000000       68.6980400000       
1          -23.2549000000       68.6980400000        -23.3424000000       68.2057800000       
1          -23.3424000000       68.2057800000        -23.4161000000       67.7112200000       
1          -23.4161000000       67.7112200000        -23.4648000000       67.2136900000       
1          -23.4648000000       67.2136900000        -23.5091000000       66.7156400000       
1          -23.5091000000       66.7156400000        -23.5313000000       66.2162900000       
1          -23.5313000000       66.2162900000        -23.5456000000       65.7164800000       
1          -23.5456000000       65.7164800000        -23.5398000000       65.2167300000       
1          -23.5398000000       65.2167300000        -23.5223000000       64.7170200000       
1          -23.5223000000       64.7170200000        -23.4797000000       64.2193900000       
1          -23.4797000000       64.2193900000        -23.4038000000       63.7252900000       
1          -23.4038000000       63.7252900000        -23.3109000000       63.2340500000       
1          -23.3109000000       63.2340500000        -23.2033000000       62.7457500000       
1          -23.2033000000       62.7457500000        -23.0997000000       62.2568600000       
1          -23.0997000000       62.2568600000        -22.9802000000       61.7713400000       
1          -22.9802000000       61.7713400000        -22.8581000000       61.2868800000       
1          -22.8581000000       61.2868800000        -22.6704000000       60.8234400000       
1          -22.6704000000       60.8234400000        -22.4827000000       60.3600000000       
1          -22.4827000000       60.3600000000        -22.2481000000       59.9192200000       
1          -22.2481000000       59.9192200000        -21.9790000000       59.4978100000       
1          -21.9790000000       59.4978100000        -21.7007000000       59.0825200000       
1          -21.7007000000       59.0825200000        -21.4087000000       58.6765900000       
1          -21.4087000000       58.6765900000        -21.0946000000       58.2877900000       
1          -21.0946000000       58.2877900000        -20.7498000000       57.9260400000       
1          -20.7498000000       57.9260400000        -20.3964000000       57.5723200000       
1          -20.3964000000       57.5723200000        -20.0327000000       57.2297700000       
1          -20.0327000000       57.2297700000        -19.6238000000       56.9441900000       
1          -19.6238000000       56.9441900000        -19.1994000000       56.6798800000       
1          -19.1994000000       56.6798800000        -18.7841000000       56.4014200000       
1          -18.7841000000       56.4014200000        -18.3709000000       56.1199300000       
1          -18.3709000000       56.1199300000        -18.0366000000       55.7561800000       
1          -18.0366000000       55.7561800000        -17.8295000000       55.3024900000       
1          -17.8295000000       55.3024900000        -17.7429000000       54.8193300000       
1          -17.7429000000       54.8193300000        -17.7766000000       54.3204400000       
1          -17.7766000000       54.3204400000        -17.8401000000       53.8269700000       
1          -17.8401000000       53.8269700000        -17.9835000000       53.3479300000       
1          -17.9835000000       53.3479300000        -18.1300000000       52.8699000000       
1          -18.1300000000       52.8699000000        -18.2937000000       52.3974500000       
1          -18.2937000000       52.3974500000        -18.4803000000       51.9335600000       
1          -18.4803000000       51.9335600000        -18.6397000000       51.4599000000       
1          -18.6397000000       51.4599000000        -18.7773000000       50.9791700000       
1          -18.7773000000       50.9791700000        -18.9140000000       50.4982100000       
1          -18.9140000000       50.4982100000        -19.0549000000       50.0184900000       
1          -19.0549000000       50.0184900000        -19.1962000000       49.5388700000       
1          -19.1962000000       49.5388700000        -19.3260000000       49.0560900000       
1          -19.3260000000       49.0560900000        -19.4349000000       48.5682300000       
1          -19.4349000000       48.5682300000        -19.5216000000       48.0758100000       
1          -19.5216000000       48.0758100000        -19.5951000000       47.5812800000       
1          -19.5951000000       47.5812800000        -19.6485000000       47.0841400000       
1          -19.6485000000       47.0841400000        -19.6821000000       46.5852600000       
1          -19.6821000000       46.5852600000        -19.6972000000       46.0854700000       
1          -19.6972000000       46.0854700000        -19.6599000000       45.5869500000       
1          -19.6599000000       45.5869500000        -19.5769000000       45.0940900000       
1          -19.5769000000       45.0940900000        -19.5165000000       44.5978900000       
1          -19.5165000000       44.5978900000        -19.4802000000       44.0992900000       
1          -19.4802000000       44.0992900000        -19.4203000000       43.6032000000       
1          -19.4203000000       43.6032000000        -19.3279000000       43.1120300000       
1          -19.3279000000       43.1120300000        -19.2205000000       42.6240600000       
1          -19.2205000000       42.6240600000        -19.0782000000       42.1452000000       
1          -19.0782000000       42.1452000000        -18.9182000000       41.6715600000       
1          -18.9182000000       41.6715600000        -18.7684000000       41.1945200000       
1          -18.7684000000       41.1945200000        -18.6182000000       40.7175800000       
1          -18.6182000000       40.7175800000        -18.4671000000       40.2409600000       
1          -18.4671000000       40.2409600000        -18.3060000000       39.7676400000       
1          -18.3060000000       39.7676400000        -18.1577000000       39.2901100000       
1          -18.1577000000       39.2901100000        -18.0076000000       38.8132100000       
1          -18.0076000000       38.8132100000        -17.8400000000       38.3421800000       
1          -17.8400000000       38.3421800000        -17.6808000000       37.8684200000       
1          -17.6808000000       37.8684200000        -17.5176000000       37.3959000000       
1          -17.5176000000       37.3959000000        -17.3465000000       36.9261300000       
1          -17.3465000000       36.9261300000        -17.1634000000       36.4609000000       
1          -17.1634000000       36.4609000000        -16.9755000000       35.9976500000       
1          -16.9755000000       35.9976500000        -16.8088000000       35.5263900000       
1          -16.8088000000       35.5263900000        -16.5822000000       35.0806700000       
1          -16.5822000000       35.0806700000        -16.3493000000       34.6384600000       
1          -16.3493000000       34.6384600000        -16.1157000000       34.1963900000       
1          -16.1157000000       34.1963900000        -15.8484000000       33.7805000000       
1          -15.8484000000       33.7805000000        -15.5608000000       33.3715000000       
1          -15.5608000000       33.3715000000        -15.2661000000       32.9677000000       
1          -15.2661000000       32.9677000000        -14.9829000000       32.5555700000       
1          -14.9829000000       32.5555700000        -14.6857000000       32.1536300000       
1          -14.6857000000       32.1536300000        -14.3812000000       31.7570700000       
1          -14.3812000000       31.7570700000        -14.0692000000       31.3663100000       
1          -14.0692000000       31.3663100000        -13.7607000000       30.9728800000       
1          -13.7607000000       30.9728800000        -13.4362000000       30.5933000000       
1          -13.4362000000       30.5933000000        -13.0956000000       30.2272100000       
1          -13.0956000000       30.2272100000        -12.7574000000       29.8589300000       
1          -12.7574000000       29.8589300000        -12.4194000000       29.4906500000       
1          -12.4194000000       29.4906500000        -12.0766000000       29.1265800000       
1          -12.0766000000       29.1265800000        -11.7336000000       28.7627600000       
1          -11.7336000000       28.7627600000        -11.3922000000       28.3974500000       
1          -11.3922000000       28.3974500000        -11.0518000000       28.0312200000       
1          -11.0518000000       28.0312200000        -10.7114000000       27.6649900000       
1          -10.7114000000       27.6649900000        -10.3797000000       27.2908100000       
1          -10.3797000000       27.2908100000        -10.0480000000       26.9167100000       
1          -10.0480000000       26.9167100000        -9.7159900000        26.5427900000       
1          -9.7159900000        26.5427900000        -9.3506700000        26.2020800000       
1          -9.3506700000        26.2020800000        -8.9779700000        25.8687500000       
1          -8.9779700000        25.8687500000        -8.6052600000        25.5354200000       
1          -8.6052600000        25.5354200000        -8.2325600000        25.2020800000       
1          -8.2325600000        25.2020800000        -7.8598500000        24.8687500000       
1          -7.8598500000        24.8687500000        -7.4822300000        24.5414800000       
1          -7.4822300000        24.5414800000        -7.0513400000        24.2888500000       
1          -7.0513400000        24.2888500000        -6.6213900000        24.0342700000       
1          -6.6213900000        24.0342700000        -6.1803900000        23.8014700000       
1          -6.1803900000        23.8014700000        -5.7494300000        23.5479400000       
1          -5.7494300000        23.5479400000        -5.3076200000        23.3175700000       
1          -5.3076200000        23.3175700000        -4.8379400000        23.1460600000       
1          -4.8379400000        23.1460600000        -4.3682600000        22.9745500000       
1          -4.3682600000        22.9745500000        -3.8985700000        22.8030300000       
1          -3.8985700000        22.8030300000        -3.4288900000        22.6315200000       
1          -3.4288900000        22.6315200000        -2.9483000000        22.4946300000       
1          -2.9483000000        22.4946300000        -2.4643200000        22.3692200000       
1          -2.4643200000        22.3692200000        -1.9765700000        22.2591300000       
1          -1.9765700000        22.2591300000        -1.4888300000        22.1490300000       
1          -1.4888300000        22.1490300000        -0.9998520000        22.0447100000       
1          -0.9998520000        22.0447100000        -0.5095500000        21.9466200000       
1          -0.5095500000        21.9466200000        -0.0192480000        21.8485300000       
1          -0.0192480000        21.8485300000        0.4710545000         21.7504500000       
1          0.4710545000         21.7504500000        0.9605586000         21.6487400000       
1          0.9605586000         21.6487400000        1.4466280000         21.5314600000       
1          1.4466280000         21.5314600000        1.9326980000         21.4141900000       
1          1.9326980000         21.4141900000        2.4187680000         21.2969100000       
1          2.4187680000         21.2969100000        2.9048380000         21.1796400000       
1          2.9048380000         21.1796400000        3.3719170000         21.0029600000       
1          3.3719170000         21.0029600000        3.8358740000         20.8165200000       
1          3.8358740000         20.8165200000        4.2998320000         20.6300700000       
1          4.2998320000         20.6300700000        4.7637890000         20.4436300000       
1          4.7637890000         20.4436300000        5.2133920000         20.2299200000       
1          5.2133920000         20.2299200000        5.6214740000         19.9409800000       
1          5.6214740000         19.9409800000        6.0035540000         19.6331600000       
1          6.0035540000         19.6331600000        6.1462860000         19.1541400000       
1          6.1462860000         19.1541400000        6.2624840000         18.6678400000       
1          6.2624840000         18.6678400000        6.3952410000         18.1857700000       
1          6.3952410000         18.1857700000        6.4749650000         17.6921800000       
1          6.4749650000         17.6921800000        6.4628760000         17.1930100000       
1          6.4628760000         17.1930100000        6.4068780000         16.6964100000       
1          6.4068780000         16.6964100000        6.2786630000         16.2137200000       
1          6.2786630000         16.2137200000        6.1282450000         15.7369200000       
1          6.1282450000         15.7369200000        5.9320790000         15.2772500000       
1          5.9320790000         15.2772500000        5.6476270000         14.8960000000       
1          5.6476270000         14.8960000000        5.1923300000         14.6893100000       
1          5.1923300000         14.6893100000        4.7249620000         14.5125700000       
1          4.7249620000         14.5125700000        4.2535480000         14.3458800000       
1          4.2535480000         14.3458800000        3.7800100000         14.1854500000       
1          3.7800100000         14.1854500000        3.3044870000         14.0308700000       
1          3.3044870000         14.0308700000        2.8327210000         13.8661800000       
1          2.8327210000         13.8661800000        2.3704050000         13.6757000000       
1          2.3704050000         13.6757000000        1.9089920000         13.4834100000       
1          1.9089920000         13.4834100000        1.4785630000         13.2289600000       
1          1.4785630000         13.2289600000        1.0271210000         13.0139800000       
1          1.0271210000         13.0139800000        0.5784793000         12.8320700000       
1          0.5784793000         12.8320700000        0.0803545000         12.8755300000       
1          0.0803545000         12.8755300000        -0.4172210000        12.8725500000       
1          -0.4172210000        12.8725500000        -0.9145940000        12.8283600000       
1          -0.9145940000        12.8283600000        -1.4004900000        12.7705700000       
1          -1.4004900000        12.7705700000        -1.8615600000        12.5771000000       
1          -1.8615600000        12.5771000000        -2.3280400000        12.4022400000       
1          -2.3280400000        12.4022400000        -2.7510400000        12.1356500000       
1          -2.7510400000        12.1356500000        -3.1682700000        11.8602700000       
1          -3.1682700000        11.8602700000        -3.5308900000        11.5165400000       
1          -3.5308900000        11.5165400000        -3.8689500000        11.1485100000       
1          -3.8689500000        11.1485100000        -4.1766800000        10.7544800000       
1          -4.1766800000        10.7544800000        -4.4632100000        10.3448400000       
1          -4.4632100000        10.3448400000        -4.7113400000        9.9108730000        
1          -4.7113400000        9.9108730000         -4.9235900000        9.4589280000        
1          -4.9235900000        9.4589280000         -5.0871700000        8.9864280000        
1          -5.0871700000        8.9864280000         -5.2489400000        8.5133310000        
1          -5.2489400000        8.5133310000         -5.3846800000        8.0331420000        
1          -5.3846800000        8.0331420000         -5.4540100000        7.5389370000        
1          -5.4540100000        7.5389370000         -5.4695300000        7.0391610000        
1          -5.4695300000        7.0391610000         -5.4787400000        6.5394900000        
1          -5.4787400000        6.5394900000         -5.4464200000        6.0405190000        
1          -5.4464200000        6.0405190000         -5.3854200000        5.5443280000        
1          -5.3854200000        5.5443280000         -5.0996200000        5.2750860000        
1          -5.0996200000        5.2750860000         -4.5996000000        5.2750860000        
1          -4.5996000000        5.2750860000         -4.0995800000        5.2750860000        
1          -4.0995800000        5.2750860000         -3.5995600000        5.2750860000        
1          -3.5995600000        5.2750860000         -3.0995500000        5.2750860000        
1          -3.0995500000        5.2750860000         -2.5995300000        5.2750860000        
1          -2.5995300000        5.2750860000         -2.0995100000        5.2750860000        
1          -2.0995100000        5.2750860000         -1.5994900000        5.2750860000        
1          -1.5994900000        5.2750860000         -1.0994800000        5.2750860000        
1          -1.0994800000        5.2750860000         -0.5994600000        5.2750860000        
1          -0.5994600000        5.2750860000         -0.0994420000        5.2750860000        
1          -0.0994420000        5.2750860000         0.4005752000         5.2750860000        
1          0.4005752000         5.2750860000         0.9005926000         5.2750860000        
1          0.9005926000         5.2750860000         1.4006100000         5.2750860000        
1          1.4006100000         5.2750860000         1.9006270000         5.2750860000        
1          1.9006270000         5.2750860000         2.4006450000         5.2750860000        
1          2.4006450000         5.2750860000         2.9006620000         5.2750860000        
1          2.9006620000         5.2750860000         3.4006800000         5.2750860000        
1          3.4006800000         5.2750860000         3.9006970000         5.2750860000        
1          3.9006970000         5.2750860000         4.4007140000         5.2750860000        
1          4.4007140000         5.2750860000         4.9007320000         5.2750860000        
1          4.9007320000         5.2750860000         5.4007490000         5.2750860000        
1          5.4007490000         5.2750860000         5.9007660000         5.2750860000        
1          5.9007660000         5.2750860000         6.4007840000         5.2750860000        
1          6.4007840000         5.2750860000         6.9008010000         5.2750860000        
1          6.9008010000         5.2750860000         7.4008190000         5.2750860000        
1          7.4008190000         5.2750860000         7.9008360000         5.2750860000        
1          7.9008360000         5.2750860000         8.4008530000         5.2750860000        
1          8.4008530000         5.2750860000         8.9008710000         5.2750860000        
1          8.9008710000         5.2750860000         9.4008880000         5.2750860000        
1          9.4008880000         5.2750860000         9.9009050000         5.2750860000        
1          9.9009050000         5.2750860000         10.4009200000        5.2750860000        
1          10.4009200000        5.2750860000         10.9009400000        5.2750860000        
1          10.9009400000        5.2750860000         11.4009600000        5.2750860000        
1          11.4009600000        5.2750860000         11.9009800000        5.2750860000        
1          11.9009800000        5.2750860000         12.4009900000        5.2750860000        
1          12.4009900000        5.2750860000         12.9010100000        5.2750860000        
1          12.9010100000        5.2750860000         13.4010300000        5.2750860000        
1          13.4010300000        5.2750860000         13.9010400000        5.2750860000        
1          13.9010400000        5.2750860000         14.4010600000        5.2750860000        
1          14.4010600000        5.2750860000         14.9010800000        5.2750860000        
1          14.9010800000        5.2750860000         15.4011000000        5.2750860000        
1          15.4011000000        5.2750860000         15.9011100000        5.2750860000        
1          15.9011100000        5.2750860000         16.4011300000        5.2750860000        
1          16.4011300000        5.2750860000         16.9011500000        5.2750860000        
1          16.9011500000        5.2750860000         17.4011700000        5.2750860000        
1          17.4011700000        5.2750860000         17.9011800000        5.2750860000        
1          17.9011800000        5.2750860000         18.4012000000        5.2750860000        
1          18.4012000000        5.2750860000         18.9012200000        5.2750860000        
1          18.9012200000        5.2750860000         19.4012400000        5.2750860000        
1          19.4012400000        5.2750860000         19.9012500000        5.2750860000        
1          19.9012500000        5.2750860000         20.4012700000        5.2750860000        
1          20.4012700000        5.2750860000         20.9012900000        5.2750860000        
1          20.9012900000        5.2750860000         21.4013100000        5.2750860000        
1          21.4013100000        5.2750860000         21.9013200000        5.2750860000        
1          21.9013200000        5.2750860000         22.4013400000        5.2750860000        
1          22.4013400000        5.2750860000         22.9013600000        5.2750860000        
1          22.9013600000        5.2750860000         23.4013700000        5.2750860000        
1          23.4013700000        5.2750860000         23.9013900000        5.2750860000        
1          23.9013900000        5.2750860000         24.4014100000        5.2750860000        
1          24.4014100000        5.2750860000         24.9014300000        5.2750860000        
1          24.9014300000        5.2750860000         25.4014400000        5.2750860000        
1          25.4014400000        5.2750860000         25.9014600000        5.2750860000        
1          25.9014600000        5.2750860000         26.4014800000        5.2750860000        
1          26.4014800000        5.2750860000         26.9015000000        5.2750860000        
1          26.9015000000        5.2750860000         27.4015100000        5.2750860000        
1          27.4015100000        5.2750860000         27.9015300000        5.2750860000        
1          27.9015300000        5.2750860000         28.4015500000        5.2750860000        
1          28.4015500000        5.2750860000         28.9015700000        5.2750860000        
1          28.9015700000        5.2750860000         29.4015800000        5.2750860000        
1          29.4015800000        5.2750860000         29.9016000000        5.2750860000        
1          29.9016000000        5.2750860000         30.4016200000        5.2750860000        
1          30.4016200000        5.2750860000         30.9016400000        5.2750860000        
1          30.9016400000        5.2750860000         31.4016500000        5.2750860000        
1          31.4016500000        5.2750860000         31.9016700000        5.2750860000        
1          31.9016700000        5.2750860000         32.4016900000        5.2750860000        
1          32.4016900000        5.2750860000         32.9017100000        5.2750860000        
1          32.9017100000        5.2750860000         33.4017200000        5.2750860000        
1          33.4017200000        5.2750860000         33.9017400000        5.2750860000        
1          33.9017400000        5.2750860000         34.4017600000        5.2750860000        
1          34.4017600000        5.2750860000         34.9017700000        5.2750860000        
1          34.9017700000        5.2750860000         35.4017900000        5.2750860000        
1          35.4017900000        5.2750860000         35.9018100000        5.2750860000        
1          35.9018100000        5.2750860000         36.4018300000        5.2750860000        
1          36.4018300000        5.2750860000         36.9018400000        5.2750860000        
1          36.9018400000        5.2750860000         37.4018600000        5.2750860000        
1          37.4018600000        5.2750860000         37.9018800000        5.2750860000        
1          37.9018800000        5.2750860000         38.4019000000        5.2750860000        
1          38.4019000000        5.2750860000         38.9019100000        5.2750860000        
1          38.9019100000        5.2750860000         39.4019300000        5.2750860000        
1          39.4019300000        5.2750860000         39.9019500000        5.2750860000        
1          39.9019500000        5.2750860000         40.4019700000        5.2750860000        
1          40.4019700000        5.2750860000         40.9019800000        5.2750860000        
1          40.9019800000        5.2750860000         41.4020000000        5.2750860000        
1          41.4020000000        5.2750860000         41.9020200000        5.2750860000        
1          41.9020200000        5.2750860000         42.4020400000        5.2750860000        
1          42.4020400000        5.2750860000         42.9020500000        5.2750860000        
1          42.9020500000        5.2750860000         43.4020700000        5.2750860000        
1          43.4020700000        5.2750860000         43.9020900000        5.2750860000        
1          43.9020900000        5.2750860000         44.4021000000        5.2750860000        
1          44.4021000000        5.2750860000         44.9021200000        5.2750860000        
1          44.9021200000        5.2750860000         45.4021400000        5.2750860000        
1          45.4021400000        5.2750860000         45.9021600000        5.2750860000        
1          45.9021600000        5.2750860000         46.4021700000        5.2750860000        
1          46.4021700000        5.2750860000         46.9021900000        5.2750860000        
1          46.9021900000        5.2750860000         47.4022100000        5.2750860000        
1          47.4022100000        5.2750860000         47.9022300000        5.2750860000        
1          47.9022300000        5.2750860000         48.4022400000        5.2750860000        
1          48.4022400000        5.2750860000         48.9022600000        5.2750860000        
1          48.9022600000        5.2750860000         49.4022800000        5.2750860000        
1          49.4022800000        5.2750860000         49.9023000000        5.2750860000        
1          49.9023000000        5.2750860000         50.4023100000        5.2750860000        
1          50.4023100000        5.2750860000         50.9023300000        5.2750860000        
1          50.9023300000        5.2750860000         51.4023500000        5.2750860000        
1          51.4023500000        5.2750860000         51.9023700000        5.2750860000        
1          51.9023700000        5.2750860000         52.4023800000        5.2750860000        
1          52.4023800000        5.2750860000         52.9024000000        5.2750860000        
1          52.9024000000        5.2750860000         53.4024200000        5.2750860000        
1          53.4024200000        5.2750860000         53.9024400000        5.2750860000        
1          53.9024400000        5.2750860000         54.4024500000        5.2750860000        
1          54.4024500000        5.2750860000         54.9024700000        5.2750860000        
1          54.9024700000        5.2750860000         55.4024900000        5.2750860000        
1          55.4024900000        5.2750860000         55.9025000000        5.2750860000        
1          55.9025000000        5.2750860000         56.4025200000        5.2750860000        
1          56.4025200000        5.2750860000         56.9025400000        5.2750860000        
1          56.9025400000        5.2750860000         57.4025600000        5.2750860000        
1          57.4025600000        5.2750860000         57.9025700000        5.2750860000        
1          57.9025700000        5.2750860000         58.4025900000        5.2750860000        
1          58.4025900000        5.2750860000         58.9026100000        5.2750860000        
1          58.9026100000        5.2750860000         59.4026300000        5.2750860000        
1          59.4026300000        5.2750860000         59.9026400000        5.2750860000        
1          59.9026400000        5.2750860000         60.4026600000        5.2750860000        
1          60.4026600000        5.2750860000         60.9026800000        5.2750860000        
1          60.9026800000        5.2750860000         61.4027000000        5.2750860000        
1          61.4027000000        5.2750860000         61.9027100000        5.2750860000        
1          61.9027100000        5.2750860000         62.4027300000        5.2750860000        
1          62.4027300000        5.2750860000         62.9027500000        5.2750860000        
1          62.9027500000        5.2750860000         63.4027700000        5.2750860000        
1          63.4027700000        5.2750860000         63.9027800000        5.2750860000        
1          63.9027800000        5.2750860000         64.4028000000        5.2750860000        
1          64.4028000000        5.2750860000         64.9028200000        5.2750860000        
1          64.9028200000        5.2750860000         65.4028300000        5.2750860000        
1          65.4028300000        5.2750860000         65.9028500000        5.2750860000        
1          65.9028500000        5.2750860000         66.4028700000        5.2750860000        
1          66.4028700000        5.2750860000         66.9028900000        5.2750860000        
1          66.9028900000        5.2750860000         67.4029000000        5.2750860000        
1          67.4029000000        5.2750860000         67.9029200000        5.2750860000        
1          67.9029200000        5.2750860000         68.4029400000        5.2750860000        
1          68.4029400000        5.2750860000         68.9029600000        5.2750860000        
1          68.9029600000        5.2750860000         69.4029700000        5.2750860000        
1          69.4029700000        5.2750860000         69.9029900000        5.2750860000        
1          69.9029900000        5.2750860000         70.4030100000        5.2750860000        
1          70.4030100000        5.2750860000         70.9030300000        5.2750860000        
1          70.9030300000        5.2750860000         71.4030400000        5.2750860000        
1          71.4030400000        5.2750860000         71.9030600000        5.2750860000        
1          71.9030600000        5.2750860000         72.4030800000        5.2750860000        
1          72.4030800000        5.2750860000         72.9031000000        5.2750860000        
1          72.9031000000        5.2750860000         73.4031100000        5.2750860000        
1          73.4031100000        5.2750860000         73.9031300000        5.2750860000        
1          73.9031300000        5.2750860000         74.4000400000        5.2800940000        
1          74.4000400000        5.2800940000         74.6222700000        5.7280130000        
1          74.6222700000        5.7280130000         74.8445000000        6.1759310000        
1          74.8445000000        6.1759310000         75.0667300000        6.6238500000        
1          75.0667300000        6.6238500000         75.2889600000        7.0717690000        
1          75.2889600000        7.0717690000         75.5111900000        7.5196870000        
1          75.5111900000        7.5196870000         75.7468800000        7.9605560000        
1          75.7468800000        7.9605560000         75.9885500000        8.3982930000        
1          75.9885500000        8.3982930000         76.2302200000        8.8360300000        
1          76.2302200000        8.8360300000         76.4718900000        9.2737660000        
1          76.4718900000        9.2737660000         76.7038400000        9.7164600000        
1          76.7038400000        9.7164600000         76.9163700000        10.1690600000       
1          76.9163700000        10.1690600000        77.1289100000        10.6216600000       
1          77.1289100000        10.6216600000        77.3414400000        11.0742600000       
1          77.3414400000        11.0742600000        77.5539700000        11.5268600000       
1          77.5539700000        11.5268600000        77.7692600000        11.9781300000       
1          77.7692600000        11.9781300000        77.9928700000        12.4253600000       
1          77.9928700000        12.4253600000        78.2164800000        12.8725900000       
1          78.2164800000        12.8725900000        78.4400900000        13.3198200000       
1          78.4400900000        13.3198200000        78.6637000000        13.7670500000       
1          78.6637000000        13.7670500000        78.8844700000        14.2156400000       
1          78.8844700000        14.2156400000        79.1003800000        14.6666400000       
1          79.1003800000        14.6666400000        79.3162900000        15.1176400000       
1          79.3162900000        15.1176400000        79.5322000000        15.5686400000       
1          79.5322000000        15.5686400000        79.7481100000        16.0196400000       
1          79.7481100000        16.0196400000        79.9886100000        16.4579000000       
1          79.9886100000        16.4579000000        80.2325900000        16.8943500000       
1          80.2325900000        16.8943500000        80.4765700000        17.3308000000       
1          80.4765700000        17.3308000000        80.7205500000        17.7672500000       
1          80.7205500000        17.7672500000        80.9404200000        18.2151800000       
1          80.9404200000        18.2151800000        81.1893300000        18.6488400000       
1          81.1893300000        18.6488400000        81.4433000000        19.0795600000       
1          81.4433000000        19.0795600000        81.6875900000        19.5157600000       
1          81.6875900000        19.5157600000        81.9266900000        19.9549000000       
1          81.9266900000        19.9549000000        82.1750700000        20.3885300000       
1          82.1750700000        20.3885300000        82.4490100000        20.8068300000       
1          82.4490100000        20.8068300000        82.7229400000        21.2251300000       
1          82.7229400000        21.2251300000        82.9757400000        21.6561500000       
1          82.9757400000        21.6561500000        83.1962700000        22.1049100000       
1          83.1962700000        22.1049100000        83.4037100000        22.5594800000       
1          83.4037100000        22.5594800000        83.5885000000        23.0241000000       
1          83.5885000000        23.0241000000        83.7677200000        23.4905600000       
1          83.7677200000        23.4905600000        83.8974900000        23.9734500000       
1          83.8974900000        23.9734500000        84.0199700000        24.4580200000       
1          84.0199700000        24.4580200000        84.0904200000        24.9530000000       
1          84.0904200000        24.9530000000        84.1588200000        25.4483200000       
1          84.1588200000        25.4483200000        84.1814100000        25.9473000000       
1          84.1814100000        25.9473000000        84.1927000000        26.4471900000       
1          84.1927000000        26.4471900000        84.1591700000        26.9452100000       
1          84.1591700000        26.9452100000        84.1061700000        27.4424100000       
1          84.1061700000        27.4424100000        84.0490400000        27.9386000000       
1          84.0490400000        27.9386000000        83.9623100000        28.4307400000       
1          83.9623100000        28.4307400000        83.8312600000        28.9126900000       
1          83.8312600000        28.9126900000        83.6747800000        29.3875900000       
1          83.6747800000        29.3875900000        83.5014500000        29.8539900000       
1          83.5014500000        29.8539900000        83.2454500000        30.2835000000       
1          83.2454500000        30.2835000000        82.9894500000        30.7130200000       
1          82.9894500000        30.7130200000        82.6275500000        31.0515000000       
1          82.6275500000        31.0515000000        82.2393800000        31.3666900000       
1          82.2393800000        31.3666900000        81.8426700000        31.6672900000       
1          81.8426700000        31.6672900000        81.3777100000        31.8512100000       
1          81.3777100000        31.8512100000        80.8850600000        31.9334600000       
1          80.8850600000        31.9334600000        80.3869800000        31.9043200000       
1          80.3869800000        31.9043200000        79.8885100000        31.8650400000       
1          79.8885100000        31.8650400000        79.3935500000        31.7963900000       
1          79.3935500000        31.7963900000        78.8982900000        31.7275400000       
1          78.8982900000        31.7275400000        78.4087000000        31.7821300000       
1          78.4087000000        31.7821300000        77.9439200000        31.9473200000       
1          77.9439200000        31.9473200000        77.5789400000        32.2836900000       
1          77.5789400000        32.2836900000        77.2874800000        32.6874400000       
1          77.2874800000        32.6874400000        77.1294300000        33.1531200000       
1          77.1294300000        33.1531200000        77.0904900000        33.6509000000       
1          77.0904900000        33.6509000000        77.0977400000        34.1498700000       
1          77.0977400000        34.1498700000        77.1458200000        34.6475700000       
1          77.1458200000        34.6475700000        77.1990900000        35.1446700000       
1          77.1990900000        35.1446700000        77.2672500000        35.6400200000       
1          77.2672500000        35.6400200000        77.3349400000        36.1354300000       
1          77.3349400000        36.1354300000        77.3996100000        36.6312500000       
1          77.3996100000        36.6312500000        77.4637600000        37.1271100000       
1          77.4637600000        37.1271100000        77.4831100000        37.6267500000       
1          77.4831100000        37.6267500000        77.5024700000        38.1263900000       
1          77.5024700000        38.1263900000        77.5357400000        38.6252800000       
1          77.5357400000        38.6252800000        77.5933800000        39.1219600000       
1          77.5933800000        39.1219600000        77.6603700000        39.6174500000       
1          77.6603700000        39.6174500000        77.7314600000        40.1123800000       
1          77.7314600000        40.1123800000        77.7967400000        40.6081000000       
1          77.7967400000        40.6081000000        77.8586300000        41.1042700000       
1          77.8586300000        41.1042700000        77.8993000000        41.6022500000       
1          77.8993000000        41.6022500000        77.9222000000        42.1017400000       
1          77.9222000000        42.1017400000        77.9319400000        42.6014400000       
1          77.9319400000        42.6014400000        77.9247700000        43.1014100000       
1          77.9247700000        43.1014100000        77.9029300000        43.6005100000       
1          77.9029300000        43.6005100000        77.8516800000        44.0979000000       
1          77.8516800000        44.0979000000        77.7918300000        44.5940500000       
1          77.7918300000        44.5940500000        77.7010400000        45.0857500000       
1          77.7010400000        45.0857500000        77.5867900000        45.5724100000       
1          77.5867900000        45.5724100000        77.4604300000        46.0562000000       
1          77.4604300000        46.0562000000        77.3390600000        46.5410700000       
1          77.3390600000        46.5410700000        77.2348300000        47.0300500000       
1          77.2348300000        47.0300500000        77.1487200000        47.5225800000       
1          77.1487200000        47.5225800000        77.0459800000        48.0118200000       
1          77.0459800000        48.0118200000        76.9375400000        48.4999400000       
1          76.9375400000        48.4999400000        76.8331000000        48.9889200000       
1          76.8331000000        48.9889200000        76.7313400000        49.4784700000       
1          76.7313400000        49.4784700000        76.6394300000        49.9698400000       
1          76.6394300000        49.9698400000        76.5633800000        50.4640400000       
1          76.5633800000        50.4640400000        76.4738500000        50.9555500000       
1          76.4738500000        50.9555500000        76.3547800000        51.4411800000       
1          76.3547800000        51.4411800000        76.2342300000        51.9264300000       
1          76.2342300000        51.9264300000        76.1053800000        52.4095600000       
1          76.1053800000        52.4095600000        75.9765400000        52.8927000000       
1          75.9765400000        52.8927000000        75.8473300000        53.3755000000       
1          75.8473300000        53.3755000000        75.7130800000        53.8570000000       
1          75.7130800000        53.8570000000        75.5557900000        54.3313000000       
1          75.5557900000        54.3313000000        75.3903800000        54.8031400000       
1          75.3903800000        54.8031400000        75.2126500000        55.2700300000       
1          75.2126500000        55.2700300000        75.0176400000        55.7304600000       
1          75.0176400000        55.7304600000        74.8115700000        56.1856100000       
1          74.8115700000        56.1856100000        74.5880100000        56.6328000000       
1          74.5880100000        56.6328000000        74.3478300000        57.0711200000       
1          74.3478300000        57.0711200000        74.0631000000        57.4818900000       
1          74.0631000000        57.4818900000        73.7742900000        57.8900600000       
1          73.7742900000        57.8900600000        73.5155300000        58.3162500000       
1          73.5155300000        58.3162500000        73.2642100000        58.7481800000       
1          73.2642100000        58.7481800000        73.0059000000        59.1763100000       
1          73.0059000000        59.1763100000        72.7263400000        59.5907900000       
1          72.7263400000        59.5907900000        72.4444000000        60.0037400000       
1          72.4444000000        60.0037400000        72.1580000000        60.4135500000       
1          72.1580000000        60.4135500000        71.8640300000        60.8180200000       
1          71.8640300000        60.8180200000        71.5700600000        61.2225000000       
1          71.5700600000        61.2225000000        71.2718500000        61.6234200000       
1          71.2718500000        61.6234200000        70.9521700000        62.0079000000       
1          70.9521700000        62.0079000000        70.6321300000        62.3920700000       
1          70.6321300000        62.3920700000        70.3016400000        62.7672800000       
1          70.3016400000        62.7672800000        69.9619400000        63.1341900000       
1          69.9619400000        63.1341900000        69.6191300000        63.4980800000       
1          69.6191300000        63.4980800000        69.2636400000        63.8497200000       
1          69.2636400000        63.8497200000        68.8995300000        64.1924200000       
1          68.8995300000        64.1924200000        68.5405600000        64.5401000000       
1          68.5405600000        64.5401000000        68.2087900000        64.9141900000       
1          68.2087900000        64.9141900000        67.8596300000        65.2716600000       
1          67.8596300000        65.2716600000        67.5088800000        65.6276000000       
1          67.5088800000        65.6276000000        67.1396000000        65.9647200000       
1          67.1396000000        65.9647200000        66.7676200000        66.2988600000       
1          66.7676200000        66.2988600000        66.4093400000        66.6475900000       
1          66.4093400000        66.6475900000        66.0520100000        66.9973500000       
1          66.0520100000        66.9973500000        65.6921400000        67.3444900000       
1          65.6921400000        67.3444900000        65.3264700000        67.6854400000       
1          65.3264700000        67.6854400000        64.9449800000        68.0085200000       
1          64.9449800000        68.0085200000        64.5509400000        68.3163100000       
1          64.5509400000        68.3163100000        64.1519800000        68.6177200000       
1          64.1519800000        68.6177200000        63.7526700000        68.9183100000       
1          63.7526700000        68.9183100000        63.3547400000        69.2210900000       
1          63.3547400000        69.2210900000        62.9568200000        69.5238700000       
1          62.9568200000        69.5238700000        62.5558800000        69.8222700000       
1          62.5558800000        69.8222700000        62.1413100000        70.1018300000       
1          62.1413100000        70.1018300000        61.7163800000        70.3643100000       
1          61.7163800000        70.3643100000        61.2771500000        70.6032600000       
1          61.2771500000        70.6032600000        60.8350300000        70.8364700000       
1          60.8350300000        70.8364700000        60.3841800000        71.0526800000       
1          60.3841800000        71.0526800000        59.9333200000        71.2688900000       
1          59.9333200000        71.2688900000        59.4752700000        71.4690600000       
1          59.4752700000        71.4690600000        59.0203300000        71.6761500000       
1          59.0203300000        71.6761500000        58.5662100000        71.8851500000       
1          58.5662100000        71.8851500000        58.1060500000        72.0807800000       
1          58.1060500000        72.0807800000        57.6452800000        72.2749000000       
1          57.6452800000        72.2749000000        57.1789700000        72.4553800000       
1          57.1789700000        72.4553800000        56.7126600000        72.6358600000       
1          56.7126600000        72.6358600000        56.2417700000        72.8039200000       
1          56.2417700000        72.8039200000        55.7713100000        72.9732500000       
1          55.7713100000        72.9732500000        55.2960700000        73.1278000000       
1          55.2960700000        73.1278000000        54.8166200000        73.2697400000       
1          54.8166200000        73.2697400000        54.3371700000        73.4116700000       
1          54.3371700000        73.4116700000        53.8577200000        73.5536000000       
1          53.8577200000        73.5536000000        53.3759800000        73.6863400000       
1          53.3759800000        73.6863400000        52.8860100000        73.7860800000       
1          52.8860100000        73.7860800000        52.3960400000        73.8858200000       
1          52.3960400000        73.8858200000        51.9060700000        73.9855600000       
1          51.9060700000        73.9855600000        51.4161000000        74.0853000000       
1          51.4161000000        74.0853000000        50.9180700000        74.1264200000       
1          50.9180700000        74.1264200000        50.4193700000        74.1626200000       
1          50.4193700000        74.1626200000        49.9206600000        74.1988300000       
1          49.9206600000        74.1988300000        49.4219600000        74.2350300000       
1          49.4219600000        74.2350300000        48.9227400000        74.2288400000       
1          48.9227400000        74.2288400000        48.4233100000        74.2047000000       
1          48.4233100000        74.2047000000        47.9238700000        74.1805700000       
1          47.9238700000        74.1805700000        47.4244400000        74.1564300000       
1          47.4244400000        74.1564300000        46.9297900000        74.0945400000       
1          46.9297900000        74.0945400000        46.4401600000        73.9931800000       
1          46.4401600000        73.9931800000        45.9505200000        73.8918200000       
1          45.9505200000        73.8918200000        45.4608900000        73.7904600000       
1          45.4608900000        73.7904600000        44.9712500000        73.6891000000       
1          44.9712500000        73.6891000000        44.4816100000        73.5877400000       
1          44.4816100000        73.5877400000        43.9919800000        73.4863800000       
1          43.9919800000        73.4863800000        43.5023400000        73.3850200000       
1          43.5023400000        73.3850200000        43.0127100000        73.2836600000       
1          43.0127100000        73.2836600000        42.5418800000        73.1169600000       
1          42.5418800000        73.1169600000        42.0733300000        72.9424000000       
1          42.0733300000        72.9424000000        41.6047700000        72.7678300000       
1          41.6047700000        72.7678300000        41.1362200000        72.5932600000       
1          41.1362200000        72.5932600000        40.6676700000        72.4186900000       
1          40.6676700000        72.4186900000        40.1991100000        72.2441200000       
1          40.1991100000        72.2441200000        39.7305600000        72.0695600000       
1          39.7305600000        72.0695600000        39.2620000000        71.8949900000       
1          39.2620000000        71.8949900000        38.7934500000        71.7204200000       
1          38.7934500000        71.7204200000        38.3315400000        71.5290400000       
1          38.3315400000        71.5290400000        37.8702900000        71.3359900000       
1          37.8702900000        71.3359900000        37.4085500000        71.1442100000       
1          37.4085500000        71.1442100000        36.9391100000        70.9720300000       
1          36.9391100000        70.9720300000        36.4696800000        70.7998400000       
1          36.4696800000        70.7998400000        35.9966200000        70.6378800000       
1          35.9966200000        70.6378800000        35.5234400000        70.4762700000       
1          35.5234400000        70.4762700000        35.0502600000        70.3146600000       
1          35.0502600000        70.3146600000        34.5770800000        70.1530500000       
1          34.5770800000        70.1530500000        34.0980300000        70.0098600000       
1          34.0980300000        70.0098600000        33.6185200000        69.8681400000       
1          33.6185200000        69.8681400000        33.1390000000        69.7264300000       
1          33.1390000000        69.7264300000        32.6594900000        69.5847200000       
1          32.6594900000        69.5847200000        32.1740300000        69.4671900000       
1          32.1740300000        69.4671900000        31.6834400000        69.3705400000       
1          31.6834400000        69.3705400000        31.1928600000        69.2738900000       
1          31.1928600000        69.2738900000        30.7022700000        69.1772400000       
1          30.7022700000        69.1772400000        30.2097900000        69.0941200000       
1          30.2097900000        69.0941200000        29.7115200000        69.0523000000       
1          29.7115200000        69.0523000000        29.2132600000        69.0104900000       
1          29.2132600000        69.0104900000        28.7149900000        68.9686700000       
1          28.7149900000        68.9686700000        28.2153500000        68.9507900000       
1          28.2153500000        68.9507900000        27.7159300000        68.9751300000       
1          27.7159300000        68.9751300000        27.2165000000        68.9994600000       
1          27.2165000000        68.9994600000        26.7191900000        69.0507900000       
1          26.7191900000        69.0507900000        26.2220700000        69.1045100000       
1          26.2220700000        69.1045100000        25.7273400000        69.1764900000       
1          25.7273400000        69.1764900000        25.2332100000        69.2530000000       
1          25.2332100000        69.2530000000        24.7426100000        69.3486000000       
1          24.7426100000        69.3486000000        24.2537200000        69.4535100000       
1          24.2537200000        69.4535100000        23.7651000000        69.5596400000       
1          23.7651000000        69.5596400000        23.2856800000        69.6988000000       
1          23.2856800000        69.6988000000        22.8003700000        69.8152600000       
1          22.8003700000        69.8152600000        22.3131500000        69.9270700000       
1          22.3131500000        69.9270700000        21.8246100000        70.0333500000       
1          21.8246100000        70.0333500000        21.3365500000        70.1410300000       
1          21.3365500000        70.1410300000        20.8564800000        70.2787500000       
1          20.8564800000        70.2787500000        20.3618300000        70.3488500000       
1          20.3618300000        70.3488500000        19.8696500000        70.4369900000       
1          19.8696500000        70.4369900000        19.3820100000        70.5472200000       
1          19.3820100000        70.5472200000        18.8976100000        70.6712200000       
1          18.8976100000        70.6712200000        18.4177700000        70.8109800000       
1          18.4177700000        70.8109800000        17.9511600000        70.9906700000       
1          17.9511600000        70.9906700000        17.5032500000        71.2083800000       
1          17.5032500000        71.2083800000        17.0761500000        71.4683900000       
1          17.0761500000        71.4683900000        16.6493400000        71.7288200000       
1          16.6493400000        71.7288200000        16.2853300000        72.0694600000       
1          16.2853300000        72.0694600000        15.9577600000        72.4469700000       
1          15.9577600000        72.4469700000        15.6370400000        72.8305800000       
1          15.6370400000        72.8305800000        15.3902000000        73.2642000000       
1          15.3902000000        73.2642000000        15.1634400000        73.7098400000       
1          15.1634400000        73.7098400000        14.9513700000        74.1623200000       
1          14.9513700000        74.1623200000        14.7613900000        74.6247800000       
1          14.7613900000        74.6247800000        14.5823000000        75.0916200000       
1          14.5823000000        75.0916200000        14.3983800000        75.5565700000       
1          14.3983800000        75.5565700000        14.2254200000        76.0256600000       
1          14.2254200000        76.0256600000        14.0685400000        76.5004100000       
1          14.0685400000        76.5004100000        13.9048500000        76.9728600000       
1          13.9048500000        76.9728600000        13.7380600000        77.4442400000       
1          13.7380600000        77.4442400000        13.5886300000        77.9211400000       
1          13.5886300000        77.9211400000        13.4596700000        78.4041800000       
1          13.4596700000        78.4041800000        13.3217500000        78.8844100000       
1          13.3217500000        78.8844100000        13.1616600000        79.3581000000       
1          13.1616600000        79.3581000000        13.0168500000        79.8349400000       
1          13.0168500000        79.8349400000        13.0883300000        80.3214700000       
1          13.0883300000        80.3214700000        13.4160900000        80.6989600000       
1          13.4160900000        80.6989600000        13.7935900000        81.0244900000       
1          13.7935900000        81.0244900000        14.1872100000        81.3327500000       
1          14.1872100000        81.3327500000        14.6010100000        81.6132400000       
1          14.6010100000        81.6132400000        15.0305200000        81.8692300000       
1          15.0305200000        81.8692300000        15.4600400000        82.1252300000       
1          15.4600400000        82.1252300000        15.8964800000        82.3690400000       
1          15.8964800000        82.3690400000        16.3112200000        82.6477100000       
1          16.3112200000        82.6477100000        16.7112500000        82.9474300000       
1          16.7112500000        82.9474300000        17.0929100000        83.2704700000       
1          17.0929100000        83.2704700000        17.4831000000        83.5830500000       
1          17.4831000000        83.5830500000        17.8875400000        83.8763800000       
1          17.8875400000        83.8763800000        18.3017200000        84.1564200000       
1          18.3017200000        84.1564200000        18.7078500000        84.4481000000       
1          18.7078500000        84.4481000000        19.1143300000        84.7393000000       
1          19.1143300000        84.7393000000        19.5269300000        85.0215600000       
1          19.5269300000        85.0215600000        19.9353800000        85.3097100000       
1          19.9353800000        85.3097100000        20.3641800000        85.5662800000       
1          20.3641800000        85.5662800000        20.8116800000        85.7893500000       
1          20.8116800000        85.7893500000        21.2592100000        86.0123600000       
1          21.2592100000        86.0123600000        21.7067400000        86.2353600000       
1          21.7067400000        86.2353600000        22.1548900000        86.4571200000       
1          22.1548900000        86.4571200000        22.6022300000        86.6805000000       
1          22.6022300000        86.6805000000        23.0454400000        86.9117200000       
1          23.0454400000        86.9117200000        23.4774500000        87.1634700000       
1          23.4774500000        87.1634700000        23.9205900000        87.3936400000       
1          23.9205900000        87.3936400000        24.3771700000        87.5974800000       
1          24.3771700000        87.5974800000        24.8049500000        87.8549500000       
1          24.8049500000        87.8549500000        25.2342800000        88.1086200000       
1          25.2342800000        88.1086200000        25.7011000000        88.2877700000       
1          25.7011000000        88.2877700000        26.1678800000        88.4670400000       
1          26.1678800000        88.4670400000        26.6342400000        88.6474000000       
1          26.6342400000        88.6474000000        27.0940000000        88.8437600000       
1          27.0940000000        88.8437600000        27.5437700000        89.0620300000       
1          27.5437700000        89.0620300000        27.9917200000        89.2842100000       
1          27.9917200000        89.2842100000        28.3912000000        89.5669600000       
1          28.3912000000        89.5669600000        28.7973700000        89.8579800000       
1          28.7973700000        89.8579800000        29.1898800000        90.1677400000       
1          29.1898800000        90.1677400000        29.6040500000        90.4474700000       
1          29.6040500000        90.4474700000        30.0208500000        90.7236900000       
1          30.0208500000        90.7236900000        30.4632700000        90.9510200000       
1          30.4632700000        90.9510200000        30.9395500000        91.1032600000       
1          30.9395500000        91.1032600000        31.4173100000        91.2474900000       
1          31.4173100000        91.2474900000        31.9165200000        91.2759400000       
1          31.9165200000        91.2759400000        32.4157200000        91.3043900000       
1          32.4157200000        91.3043900000        32.8722800000        91.5048000000       
1          32.8722800000        91.5048000000        33.3269100000        91.7129600000       
1          33.3269100000        91.7129600000        33.7410000000        91.9864700000       
1          33.7410000000        91.9864700000        34.1223700000        92.3098500000       
1          34.1223700000        92.3098500000        34.5037400000        92.6332300000       
1          34.5037400000        92.6332300000        34.8355900000        93.0059600000       
1          34.8355900000        93.0059600000        35.1618200000        93.3849000000       
1          35.1618200000        93.3849000000        35.4880500000        93.7638300000       
1          35.4880500000        93.7638300000        35.7495300000        94.1862100000       
1          35.7495300000        94.1862100000        36.0042200000        94.6162100000       
1          36.0042200000        94.6162100000        36.2595500000        95.0457900000       
1          36.2595500000        95.0457900000        36.4729400000        95.4979900000       
1          36.4729400000        95.4979900000        36.6534500000        95.9588700000       
1          36.6534500000        95.9588700000        36.8436700000        96.4187300000       
1          36.8436700000        96.4187300000        37.0645300000        96.8673200000       
1          37.0645300000        96.8673200000        37.2616400000        97.3260500000       
1          37.2616400000        97.3260500000        37.4329100000        97.7958300000       
1          37.4329100000        97.7958300000        37.5975300000        98.2678000000       
1          37.5975300000        98.2678000000        37.7349000000        98.7484800000       
1          37.7349000000        98.7484800000        37.8553300000        99.2336700000       
1          37.8553300000        99.2336700000        37.9417300000        99.7260500000       
1          37.9417300000        99.7260500000        38.0462300000        100.2150000000      
1          38.0462300000        100.2150000000       38.1277700000        100.7083000000      
1          38.1277700000        100.7083000000       38.2070900000        101.2020000000      
1          38.2070900000        101.2020000000       38.2658200000        101.6984000000      
1          38.2658200000        101.6984000000       38.3187600000        102.1956000000      
1          38.3187600000        102.1956000000       38.3566100000        102.6941000000      
1          38.3566100000        102.6941000000       38.3868400000        103.1932000000      
1          38.3868400000        103.1932000000       38.4170600000        103.6923000000      
1          38.4170600000        103.6923000000       38.4472900000        104.1914000000      
1          38.4472900000        104.1914000000       38.4633800000        104.6909000000      
1          38.4633800000        104.6909000000       38.4620300000        105.1909000000      
1          38.4620300000        105.1909000000       38.4606800000        105.6909000000      
1          38.4606800000        105.6909000000       38.4593300000        106.1910000000      
1          38.4593300000        106.1910000000       38.4413800000        106.6898000000      
1          38.4413800000        106.6898000000       38.3833700000        107.1861000000      
1          38.3833700000        107.1861000000       38.3351000000        107.6824000000      
1          38.3351000000        107.6824000000       38.2450700000        108.1713000000      
1          38.2450700000        108.1713000000       38.2083800000        108.6700000000      
1          38.2083800000        108.6700000000       38.0209300000        109.1332000000      
1          38.0209300000        109.1332000000       37.8315700000        109.5960000000      
1          37.8315700000        109.5960000000       37.6168300000        110.0465000000      
1          37.6168300000        110.0465000000       37.3632300000        110.4775000000      
1          37.3632300000        110.4775000000       37.0885200000        110.8933000000      
1          37.0885200000        110.8933000000       36.7636000000        111.2734000000      
1          36.7636000000        111.2734000000       36.4139900000        111.6299000000      
1          36.4139900000        111.6299000000       36.0332900000        111.9525000000      
1          36.0332900000        111.9525000000       35.6277400000        112.2450000000      
1          35.6277400000        112.2450000000       35.2011300000        112.5055000000      
1          35.2011300000        112.5055000000       34.7726200000        112.7632000000      
1          34.7726200000        112.7632000000       34.3131000000        112.8939000000      
1          34.3131000000        112.8939000000       33.8157300000        112.9452000000      
1          33.8157300000        112.9452000000       33.3214700000        113.0197000000      
1          33.3214700000        113.0197000000       32.8282300000        113.1018000000      
1          32.8282300000        113.1018000000       32.3401500000        113.1306000000      
1          32.3401500000        113.1306000000       31.8717800000        112.9555000000      
1          31.8717800000        112.9555000000       31.4115200000        112.7609000000      
1          31.4115200000        112.7609000000       30.9566800000        112.5532000000      
1          30.9566800000        112.5532000000       30.5049000000        112.5679000000      
1          30.5049000000        112.5679000000       30.0454300000        112.5406000000      
1          30.0454300000        112.5406000000       29.5794400000        112.3593000000      
1          29.5794400000        112.3593000000       29.1110600000        112.1846000000      
1          29.1110600000        112.1846000000       28.6363500000        112.0276000000      
1          28.6363500000        112.0276000000       28.1676900000        111.8571000000      
1          28.1676900000        111.8571000000       27.7537000000        111.5769000000      
1          27.7537000000        111.5769000000       27.3415600000        111.2938000000      
1          27.3415600000        111.2938000000       26.9274100000        111.0136000000      
1          26.9274100000        111.0136000000       26.5156300000        110.7303000000      
1          26.5156300000        110.7303000000       26.1230300000        110.4207000000      
1          26.1230300000        110.4207000000       25.7245900000        110.1186000000      
1          25.7245900000        110.1186000000       25.3299400000        109.8116000000      
1          25.3299400000        109.8116000000       24.9512900000        109.4853000000      
1          24.9512900000        109.4853000000       24.5769300000        109.1540000000      
1          24.5769300000        109.1540000000       24.1927300000        108.8345000000      
1          24.1927300000        108.8345000000       23.7903200000        108.5377000000      
1          23.7903200000        108.5377000000       23.3906200000        108.2373000000      
1          23.3906200000        108.2373000000       23.0022600000        107.9224000000      
1          23.0022600000        107.9224000000       22.6109400000        107.6113000000      
1          22.6109400000        107.6113000000       22.1939200000        107.3355000000      
1          22.1939200000        107.3355000000       21.7736900000        107.0647000000      
1          21.7736900000        107.0647000000       21.3432400000        106.8105000000      
1          21.3432400000        106.8105000000       20.9281300000        106.5317000000      
1          20.9281300000        106.5317000000       20.5162500000        106.2482000000      
1          20.5162500000        106.2482000000       20.2422500000        106.4171000000      
1          20.2422500000        106.4171000000       20.0578800000        106.8819000000      
1          20.0578800000        106.8819000000       19.8735100000        107.3467000000      
1          19.8735100000        107.3467000000       19.6891300000        107.8115000000      
1          19.6891300000        107.8115000000       19.5047600000        108.2763000000      
1          19.5047600000        108.2763000000       19.2960200000        108.7247000000      
1          19.2960200000        108.7247000000       18.9369300000        109.0727000000      
1          18.9369300000        109.0727000000       18.5778300000        109.4206000000      
1          18.5778300000        109.4206000000       18.2187400000        109.7686000000      
1          18.2187400000        109.7686000000       17.8596500000        110.1165000000      
1          17.8596500000        110.1165000000       17.4699200000        110.4270000000      
1          17.4699200000        110.4270000000       17.0571000000        110.7091000000      
1          17.0571000000        110.7091000000       16.6235500000        110.9571000000      
1          16.6235500000        110.9571000000       16.1829400000        111.1935000000      
1          16.1829400000        111.1935000000       15.7423300000        111.4299000000      
1          15.7423300000        111.4299000000       15.2776200000        111.6095000000      
1          15.2776200000        111.6095000000       14.8015100000        111.7623000000      
1          14.8015100000        111.7623000000       14.3254000000        111.9150000000      
1          14.3254000000        111.9150000000       13.8492800000        112.0678000000      
1          13.8492800000        112.0678000000       13.3677000000        112.1945000000      
1          13.3677000000        112.1945000000       12.8704100000        112.2467000000      
1          12.8704100000        112.2467000000       12.3731200000        112.2988000000      
1          12.3731200000        112.2988000000       11.8758200000        112.3510000000      
1          11.8758200000        112.3510000000       11.3785000000        112.4008000000      
1          11.3785000000        112.4008000000       10.8798700000        112.3635000000      
1          10.8798700000        112.3635000000       10.3812400000        112.3263000000      
1          10.3812400000        112.3263000000       9.8826100000         112.2891000000      
1          9.8826100000         112.2891000000       9.3839810000         112.2518000000      
1          9.3839810000         112.2518000000       8.8948680000         112.1526000000      
1          8.8948680000         112.1526000000       8.4080490000         112.0385000000      
1          8.4080490000         112.0385000000       7.9212310000         111.9244000000      
1          7.9212310000         111.9244000000       7.4335790000         111.8143000000      
1          7.4335790000         111.8143000000       6.9451640000         111.7090000000      
1          6.9451640000         111.7090000000       6.4608750000         111.5845000000      
1          6.4608750000         111.5845000000       5.9765860000         111.4601000000      
1          5.9765860000         111.4601000000       5.4922970000         111.3357000000      
1          5.4922970000         111.3357000000       5.0103430000         111.2038000000      
1          5.0103430000         111.2038000000       4.5422020000         111.0282000000      
1          4.5422020000         111.0282000000       4.0740620000         110.8525000000      
1          4.0740620000         110.8525000000       3.6111030000         110.6639000000      
1          3.6111030000         110.6639000000       3.1517190000         110.4665000000      
1          3.1517190000         110.4665000000       2.7242910000         110.2123000000      
1          2.7242910000         110.2123000000       2.3171230000         109.9220000000      
1          2.3171230000         109.9220000000       1.9099560000         109.6318000000      
1          1.9099560000         109.6318000000       1.5027880000         109.3416000000      
1          1.5027880000         109.3416000000       1.0851310000         109.0761000000      
1          1.0851310000         109.0761000000       0.6188541000         108.9097000000      
1          0.6188541000         108.9097000000       0.1724822000         108.6844000000      
1          0.1724822000         108.6844000000       -0.2336200000        108.3985000000      
1          -0.2336200000        108.3985000000       -0.6019720000        108.0604000000      
1          -0.6019720000        108.0604000000       -0.9703250000        107.7223000000      
1          -0.9703250000        107.7223000000       -1.2977500000        107.3467000000      
1          -1.2977500000        107.3467000000       -1.5768000000        106.9318000000      
1          -1.5768000000        106.9318000000       -1.9851900000        106.6443000000      
1          -1.9851900000        106.6443000000       -2.3120900000        106.2727000000      
1          -2.3120900000        106.2727000000       -2.6328600000        105.8891000000      
1          -2.6328600000        105.8891000000       -2.9505200000        105.5034000000      
1          -2.9505200000        105.5034000000       -3.1852800000        105.0619000000      
1          -3.1852800000        105.0619000000       -3.4014800000        104.6120000000      
1          -3.4014800000        104.6120000000       -3.6422700000        104.1936000000      
1          -3.6422700000        104.1936000000       -3.8265100000        103.7287000000      
1          -3.8265100000        103.7287000000       -3.9763900000        103.2545000000      
1          -3.9763900000        103.2545000000       -4.1205100000        102.7757000000      
1          -4.1205100000        102.7757000000       -4.2521100000        102.2944000000      
1          -4.2521100000        102.2944000000       -4.3048000000        101.7972000000      
1          -4.3048000000        101.7972000000       -4.3556500000        101.2999000000      
1          -4.3556500000        101.2999000000       -4.3198500000        100.8012000000      
1          -4.3198500000        100.8012000000       -4.3104200000        100.3023000000      
1          -4.3104200000        100.3023000000       -4.2483400000        99.8070100000       
1          -4.2483400000        99.8070100000        -4.2142400000        99.3088500000       
1          -4.2142400000        99.3088500000        -4.1400400000        98.8152800000       
1          -4.1400400000        98.8152800000        -4.0505900000        98.3233300000       
1          -4.0505900000        98.3233300000        -4.0195100000        97.8268600000       
1          -4.0195100000        97.8268600000        -4.2099500000        97.3803900000       
1          -4.2099500000        97.3803900000        -4.4752500000        96.9611800000       
1          -4.4752500000        96.9611800000        -4.7337100000        96.5335900000       
1          -4.7337100000        96.5335900000        -5.0565800000        96.1517900000       
1          -5.0565800000        96.1517900000        -5.3256400000        95.7322300000       
1          -5.3256400000        95.7322300000        -5.5732300000        95.2978200000       
1          -5.5732300000        95.2978200000        -5.8070500000        94.8563200000       
1          -5.8070500000        94.8563200000        -6.0190500000        94.4037100000       
1          -6.0190500000        94.4037100000        -6.2605600000        93.9658800000       
1          -6.2605600000        93.9658800000        -6.4495400000        93.5031400000       
1          -6.4495400000        93.5031400000        -6.6347700000        93.0387000000       
1          -6.6347700000        93.0387000000        -7.0109600000        92.8066300000       
1          -7.0109600000        92.8066300000        -7.5027200000        92.7161300000       
1          -7.5027200000        92.7161300000        -7.9804400000        92.5696600000       
1          -7.9804400000        92.5696600000        -8.4566900000        92.4173400000       
1          -8.4566900000        92.4173400000        -8.9329500000        92.2650200000       
1          -8.9329500000        92.2650200000        -9.4092000000        92.1127000000       
1          -9.4092000000        92.1127000000        -9.8814600000        91.9489000000       
1          -9.8814600000        91.9489000000        -10.3476000000       91.7681200000       
1          -10.3476000000       91.7681200000        -10.8106000000       91.5794000000       
1          -10.8106000000       91.5794000000        -11.2737000000       91.3906800000       
1          -11.2737000000       91.3906800000        -11.7367000000       91.2019700000       
1          -11.7367000000       91.2019700000        -12.1816000000       90.9739700000       
1          -12.1816000000       90.9739700000        -12.6256000000       90.7440300000       
1          -12.6256000000       90.7440300000        -13.0696000000       90.5141000000       
1          -13.0696000000       90.5141000000        -13.5137000000       90.2841600000       
1          -13.5137000000       90.2841600000        -13.9554000000       90.0500400000       
1          -13.9554000000       90.0500400000        -14.3967000000       89.8151500000       
1          -14.3967000000       89.8151500000        -14.8401000000       89.5840400000       
1          -14.8401000000       89.5840400000        -15.2814000000       89.3488500000       
1          -15.2814000000       89.3488500000        -15.7222000000       89.1128800000       
1          -15.7222000000       89.1128800000        -16.1663000000       88.8833500000       
1          -16.1663000000       88.8833500000        -16.6139000000       88.6605400000       
1          -16.6139000000       88.6605400000        -17.0543000000       88.4237800000       
1          -17.0543000000       88.4237800000        -17.4873000000       88.1735900000       
1          -17.4873000000       88.1735900000        -17.9064000000       87.9011200000       
1          -17.9064000000       87.9011200000        -18.3269000000       87.6306500000       
