         3      0.1884471257E-01        0.1941878082E-01        0.1600000000E-02
         3      0.1920592041E-01        0.6159031942E-01        0.1600000000E-02
         3      0.1888539474E-01        0.1016185417E+00        0.1600000000E-02
         3      0.1915120164E-01        0.1419305837E+00        0.1600000000E-02
         3      0.1949011162E-01        0.1820070736E+00        0.1600000000E-02
         3      0.1927279210E-01        0.2217342107E+00        0.1600000000E-02
         3      0.1950656420E-01        0.2615542150E+00        0.1600000000E-02
         3      0.1932241253E-01        0.3013615616E+00        0.1600000000E-02
         3      0.1950772878E-01        0.3411724528E+00        0.1600000000E-02
         3      0.1982438701E-01        0.3806152661E+00        0.1600000000E-02
         3      0.1984199191E-01        0.4197483260E+00        0.1600000000E-02
         3      0.1965347729E-01        0.4590158912E+00        0.1600000000E-02
         3      0.1971626384E-01        0.4983831960E+00        0.1600000000E-02
         3      0.1964059856E-01        0.5377423693E+00        0.1600000000E-02
         3      0.1943252159E-01        0.5773244162E+00        0.1600000000E-02
         3      0.1920726400E-01        0.6172508531E+00        0.1600000000E-02
         3      0.1909701866E-01        0.6574229868E+00        0.1600000000E-02
         3      0.1910847693E-01        0.6975950622E+00        0.1600000000E-02
         3      0.1912535297E-01        0.7377643063E+00        0.1600000000E-02
         3      0.1895349939E-01        0.7780453342E+00        0.1600000000E-02
         3      0.1910978422E-01        0.8181628478E+00        0.1600000000E-02
         3      0.1902625662E-01        0.8584812448E+00        0.1600000000E-02
         3      0.1852095974E-01        0.8989479607E+00        0.1600000000E-02
         3      0.1926046363E-01        0.9389453423E+00        0.1600000000E-02
         3      0.1872059649E-01        0.9809722674E+00        0.1600000000E-02
         3      0.6011335282E-01        0.1965048012E-01        0.1600000000E-02
         3      0.6190457098E-01        0.6161784436E-01        0.1600000000E-02
         3      0.5982173034E-01        0.1019637959E+00        0.1600000000E-02
         3      0.6144537794E-01        0.1435133060E+00        0.1600000000E-02
         3      0.6172912062E-01        0.1836952372E+00        0.1600000000E-02
         3      0.6135778775E-01        0.2242688003E+00        0.1600000000E-02
         3      0.6218240539E-01        0.2645162699E+00        0.1600000000E-02
         3      0.6213209931E-01        0.3036433633E+00        0.1600000000E-02
         3      0.6009138739E-01        0.3459501089E+00        0.1600000000E-02
         3      0.6312956330E-01        0.3878891019E+00        0.1600000000E-02
         3      0.6434044279E-01        0.4253838376E+00        0.1600000000E-02
         3      0.6193164788E-01        0.4640841942E+00        0.1600000000E-02
         3      0.6310724451E-01        0.5040667213E+00        0.1600000000E-02
         3      0.6336726223E-01        0.5421627563E+00        0.1600000000E-02
         3      0.6211734167E-01        0.5808202459E+00        0.1600000000E-02
         3      0.6166429026E-01        0.6205984404E+00        0.1600000000E-02
         3      0.6174295713E-01        0.6601887245E+00        0.1600000000E-02
         3      0.6158563849E-01        0.6998255439E+00        0.1600000000E-02
         3      0.6157982344E-01        0.7396255091E+00        0.1600000000E-02
         3      0.6146248903E-01        0.7795125202E+00        0.1600000000E-02
         3      0.6163979857E-01        0.8191605367E+00        0.1600000000E-02
         3      0.6147283958E-01        0.8591148134E+00        0.1600000000E-02
         3      0.6102723471E-01        0.8988864227E+00        0.1600000000E-02
         3      0.6184909335E-01        0.9378150593E+00        0.1600000000E-02
         3      0.6028653331E-01        0.9805261835E+00        0.1600000000E-02
         3      0.9964508124E-01        0.1893729241E-01        0.1600000000E-02
         3      0.1020133304E+00        0.6102056459E-01        0.1600000000E-02
         3      0.9743541633E-01        0.1012873742E+00        0.1600000000E-02
         3      0.1007264591E+00        0.1429865944E+00        0.1600000000E-02
         3      0.1012174865E+00        0.1832628250E+00        0.1600000000E-02
         3      0.1003796733E+00        0.2239284030E+00        0.1600000000E-02
         3      0.1030346303E+00        0.2637085682E+00        0.1600000000E-02
         3      0.1017731393E+00        0.3026037079E+00        0.1600000000E-02
         3      0.9612723552E-01        0.3450489134E+00        0.1600000000E-02
         3      0.1034019536E+00        0.3870326410E+00        0.1600000000E-02
         3      0.1073078122E+00        0.4254218950E+00        0.1600000000E-02
         3      0.1012433953E+00        0.4642949632E+00        0.1600000000E-02
         3      0.1042888553E+00        0.5041247458E+00        0.1600000000E-02
         3      0.1055125075E+00        0.5421272665E+00        0.1600000000E-02
         3      0.1025407803E+00        0.5808679478E+00        0.1600000000E-02
         3      0.1017988705E+00        0.6204642111E+00        0.1600000000E-02
         3      0.1020550848E+00        0.6600296999E+00        0.1600000000E-02
         3      0.1016046283E+00        0.6997183979E+00        0.1600000000E-02
         3      0.1015068892E+00        0.7395816060E+00        0.1600000000E-02
         3      0.1014443690E+00        0.7795468799E+00        0.1600000000E-02
         3      0.1015230847E+00        0.8193789351E+00        0.1600000000E-02
         3      0.1013933766E+00        0.8594926703E+00        0.1600000000E-02
         3      0.1012115111E+00        0.8994506623E+00        0.1600000000E-02
         3      0.1012460771E+00        0.9388040430E+00        0.1600000000E-02
         3      0.9990088230E-01        0.9813029711E+00        0.1600000000E-02
         3      0.1396504992E+00        0.1940955049E-01        0.1600000000E-02
         3      0.1426662732E+00        0.6148257724E-01        0.1600000000E-02
         3      0.1359524868E+00        0.1015896028E+00        0.1600000000E-02
         3      0.1402890002E+00        0.1433140000E+00        0.1600000000E-02
         3      0.1415973770E+00        0.1839734638E+00        0.1600000000E-02
         3      0.1401486218E+00        0.2239268125E+00        0.1600000000E-02
         3      0.1443192148E+00        0.2643417238E+00        0.1600000000E-02
         3      0.1426154032E+00        0.3041222315E+00        0.1600000000E-02
         3      0.1333785025E+00        0.3447226099E+00        0.1600000000E-02
         3      0.1438051711E+00        0.3877576732E+00        0.1600000000E-02
         3      0.1504303749E+00        0.4260318853E+00        0.1600000000E-02
         3      0.1419167352E+00        0.4643075114E+00        0.1600000000E-02
         3      0.1461692606E+00        0.5035177676E+00        0.1600000000E-02
         3      0.1477087715E+00        0.5423086762E+00        0.1600000000E-02
         3      0.1439252055E+00        0.5809396720E+00        0.1600000000E-02
         3      0.1426738470E+00        0.6204247616E+00        0.1600000000E-02
         3      0.1423833414E+00        0.6996519233E+00        0.1600000000E-02
         3      0.1421405053E+00        0.7394608074E+00        0.1600000000E-02
         3      0.1421443421E+00        0.7793646470E+00        0.1600000000E-02
         3      0.1420642509E+00        0.8191845854E+00        0.1600000000E-02
         3      0.1420223614E+00        0.8592021167E+00        0.1600000000E-02
         3      0.1419894432E+00        0.8991282175E+00        0.1600000000E-02
         3      0.1415676694E+00        0.9383800894E+00        0.1600000000E-02
         3      0.1399766439E+00        0.9808058936E+00        0.1600000000E-02
         3      0.1793253951E+00        0.1975458887E-01        0.1600000000E-02
         3      0.1834520145E+00        0.6199751099E-01        0.1600000000E-02
         3      0.1744171925E+00        0.1024379460E+00        0.1600000000E-02
         3      0.1803526938E+00        0.1448629912E+00        0.1600000000E-02
         3      0.1821344466E+00        0.1838563002E+00        0.1600000000E-02
         3      0.1802587845E+00        0.2243948419E+00        0.1600000000E-02
         3      0.1853154627E+00        0.2641954490E+00        0.1600000000E-02
         3      0.1821342903E+00        0.3028942778E+00        0.1600000000E-02
         3      0.1705552785E+00        0.3489778407E+00        0.1600000000E-02
         3      0.1857318897E+00        0.3883560517E+00        0.1600000000E-02
         3      0.1915059030E+00        0.4278476422E+00        0.1600000000E-02
         3      0.1837249598E+00        0.4667993837E+00        0.1600000000E-02
         3      0.1878627573E+00        0.5057754362E+00        0.1600000000E-02
         3      0.1899521285E+00        0.5441475330E+00        0.1600000000E-02
         3      0.1851704720E+00        0.5829033061E+00        0.1600000000E-02
         3      0.1837558956E+00        0.6222071904E+00        0.1600000000E-02
         3      0.1841639440E+00        0.6615212916E+00        0.1600000000E-02
         3      0.1829137069E+00        0.7405916678E+00        0.1600000000E-02
         3      0.1829476723E+00        0.7802910381E+00        0.1600000000E-02
         3      0.1827308790E+00        0.8198746282E+00        0.1600000000E-02
         3      0.1827045137E+00        0.8597213429E+00        0.1600000000E-02
         3      0.1829318481E+00        0.8993989547E+00        0.1600000000E-02
         3      0.1819330568E+00        0.9384364806E+00        0.1600000000E-02
         3      0.1800793409E+00        0.9808397223E+00        0.1600000000E-02
         3      0.2183314539E+00        0.1978989998E-01        0.1600000000E-02
         3      0.2243357587E+00        0.6207529513E-01        0.1600000000E-02
         3      0.2131067022E+00        0.1010225695E+00        0.1600000000E-02
         3      0.2187221060E+00        0.1418540625E+00        0.1600000000E-02
         3      0.2232984959E+00        0.1847941590E+00        0.1600000000E-02
         3      0.2205286990E+00        0.2232430945E+00        0.1600000000E-02
         3      0.2270206450E+00        0.2631101085E+00        0.1600000000E-02
         3      0.2255436967E+00        0.2998620360E+00        0.1600000000E-02
         3      0.2053234678E+00        0.3390187934E+00        0.1600000000E-02
         3      0.2259921946E+00        0.3828843001E+00        0.1600000000E-02
         3      0.2332810189E+00        0.4207419006E+00        0.1600000000E-02
         3      0.2250399638E+00        0.4616256199E+00        0.1600000000E-02
         3      0.2283131858E+00        0.5010686998E+00        0.1600000000E-02
         3      0.2319711449E+00        0.5404527194E+00        0.1600000000E-02
         3      0.2264133252E+00        0.5796233462E+00        0.1600000000E-02
         3      0.2244105352E+00        0.6194515933E+00        0.1600000000E-02
         3      0.2246965575E+00        0.6596850488E+00        0.1600000000E-02
         3      0.2237572146E+00        0.6997813327E+00        0.1600000000E-02
         3      0.2233464184E+00        0.7399413909E+00        0.1600000000E-02
         3      0.2235393501E+00        0.7800261458E+00        0.1600000000E-02
         3      0.2231945641E+00        0.8198932616E+00        0.1600000000E-02
         3      0.2233701320E+00        0.8599321055E+00        0.1600000000E-02
         3      0.2220365505E+00        0.9388240347E+00        0.1600000000E-02
         3      0.2202456589E+00        0.9812616061E+00        0.1600000000E-02
         3      0.2580318201E+00        0.1978308461E-01        0.1600000000E-02
         3      0.2659303090E+00        0.6155720657E-01        0.1600000000E-02
         3      0.2512847917E+00        0.1019821891E+00        0.1600000000E-02
         3      0.2558785786E+00        0.1508872054E+00        0.1600000000E-02
         3      0.2666100791E+00        0.1877306823E+00        0.1600000000E-02
         3      0.2613080521E+00        0.2266072837E+00        0.1600000000E-02
         3      0.2658553220E+00        0.2664697610E+00        0.1600000000E-02
         3      0.2655228143E+00        0.3176622497E+00        0.1600000000E-02
         3      0.2452136584E+00        0.3469855827E+00        0.1600000000E-02
         3      0.2702700297E+00        0.4322774382E+00        0.1600000000E-02
         3      0.1430463637E+00        0.6600181939E+00        0.1600000000E-02
         3      0.2703589936E+00        0.5091657298E+00        0.1600000000E-02
         3      0.2739153850E+00        0.5476490384E+00        0.1600000000E-02
         3      0.2671493098E+00        0.5854526103E+00        0.1600000000E-02
         3      0.2652989236E+00        0.6241174846E+00        0.1600000000E-02
         3      0.2657351970E+00        0.6629296055E+00        0.1600000000E-02
         3      0.2645029541E+00        0.7019991420E+00        0.1600000000E-02
         3      0.2641144351E+00        0.7412499662E+00        0.1600000000E-02
         3      0.2643403141E+00        0.7807493207E+00        0.1600000000E-02
         3      0.2637698669E+00        0.8203118522E+00        0.1600000000E-02
         3      0.2641132839E+00        0.8602172461E+00        0.1600000000E-02
         3      0.2647871400E+00        0.8999424008E+00        0.1600000000E-02
         3      0.2621381708E+00        0.9392516575E+00        0.1600000000E-02
         3      0.2607922719E+00        0.9817545444E+00        0.1600000000E-02
         3      0.2941563755E+00        0.2046819784E-01        0.1600000000E-02
         3      0.2970765796E+00        0.8459121575E-01        0.1600000000E-02
         3      0.2863439447E+00        0.1249284456E+00        0.1600000000E-02
         3      0.3088224797E+00        0.1566705160E+00        0.1600000000E-02
         3      0.3062658347E+00        0.1972981673E+00        0.1600000000E-02
         3      0.1832554897E+00        0.7009922232E+00        0.1600000000E-02
         3      0.3212408071E+00        0.2714310679E+00        0.1600000000E-02
         3      0.2958029711E+00        0.2983247240E+00        0.1600000000E-02
         3      0.3103326822E+00        0.4274276103E+00        0.1600000000E-02
         3      0.3094168679E+00        0.4686972628E+00        0.1600000000E-02
         3      0.3118758875E+00        0.5078663628E+00        0.1600000000E-02
         3      0.3175972221E+00        0.5448570461E+00        0.1600000000E-02
         3      0.3099559440E+00        0.5831562754E+00        0.1600000000E-02
         3      0.3074305599E+00        0.6212086951E+00        0.1600000000E-02
         3      0.3071661472E+00        0.6601966212E+00        0.1600000000E-02
         3      0.3057116890E+00        0.6997162806E+00        0.1600000000E-02
         3      0.3049733076E+00        0.7394788843E+00        0.1600000000E-02
         3      0.3050728917E+00        0.7795083429E+00        0.1600000000E-02
         3      0.3043275532E+00        0.8193840502E+00        0.1600000000E-02
         3      0.3047792502E+00        0.8593920053E+00        0.1600000000E-02
         3      0.3056001120E+00        0.8990693482E+00        0.1600000000E-02
         3      0.2238394299E+00        0.8996401013E+00        0.1600000000E-02
         3      0.3013760738E+00        0.9799683021E+00        0.1600000000E-02
         3      0.3335758148E+00        0.2142398145E-01        0.1600000000E-02
         3      0.3229926820E+00        0.5980725587E-01        0.1600000000E-02
         3      0.3473857887E+00        0.1683268040E+00        0.1600000000E-02
         3      0.3006720912E+00        0.2347873905E+00        0.1600000000E-02
         3      0.3503651573E+00        0.2456151689E+00        0.1600000000E-02
         3      0.3416403574E+00        0.4063915386E+00        0.1600000000E-02
         3      0.3506530425E+00        0.4525624486E+00        0.1600000000E-02
         3      0.3493818446E+00        0.4926463800E+00        0.1600000000E-02
         3      0.3581779604E+00        0.5379055756E+00        0.1600000000E-02
         3      0.3520059016E+00        0.5784527631E+00        0.1600000000E-02
         3      0.3485624366E+00        0.6188072678E+00        0.1600000000E-02
         3      0.3476064785E+00        0.6593163493E+00        0.1600000000E-02
         3      0.3461914614E+00        0.6996655316E+00        0.1600000000E-02
         3      0.3452302036E+00        0.7399690844E+00        0.1600000000E-02
         3      0.3454613347E+00        0.7801976762E+00        0.1600000000E-02
         3      0.3447650489E+00        0.8201991800E+00        0.1600000000E-02
         3      0.3453937816E+00        0.8603133543E+00        0.1600000000E-02
         3      0.3463466090E+00        0.9000935222E+00        0.1600000000E-02
         3      0.3428699001E+00        0.9396240928E+00        0.1600000000E-02
         3      0.3419044190E+00        0.9808581403E+00        0.1600000000E-02
         3      0.3825448906E+00        0.1991881017E-01        0.1600000000E-02
         3      0.3707498157E+00        0.5128367743E-01        0.1600000000E-02
         3      0.3900869873E+00        0.1687028213E+00        0.1600000000E-02
         3      0.3860424419E+00        0.2201485969E+00        0.1600000000E-02
         3      0.3729237910E+00        0.3845656483E+00        0.1600000000E-02
         3      0.3862709733E+00        0.4294017908E+00        0.1600000000E-02
         3      0.3930568384E+00        0.4655823711E+00        0.1600000000E-02
         3      0.3854480893E+00        0.5058790476E+00        0.1600000000E-02
         3      0.4005211072E+00        0.5482682347E+00        0.1600000000E-02
         3      0.3916947730E+00        0.5845552470E+00        0.1600000000E-02
         3      0.3894016444E+00        0.6233210536E+00        0.1600000000E-02
         3      0.3879747402E+00        0.6621052689E+00        0.1600000000E-02
         3      0.3867286352E+00        0.7014695424E+00        0.1600000000E-02
         3      0.3857845951E+00        0.7407855514E+00        0.1600000000E-02
         3      0.3860023469E+00        0.7803892911E+00        0.1600000000E-02
         3      0.3854981747E+00        0.8198218125E+00        0.1600000000E-02
         3      0.3860566780E+00        0.8594554305E+00        0.1600000000E-02
         3      0.3871675404E+00        0.8987533056E+00        0.1600000000E-02
         3      0.3840193532E+00        0.9382594271E+00        0.1600000000E-02
         3      0.3822916714E+00        0.9782454468E+00        0.1600000000E-02
         3      0.4214917228E+00        0.1361308786E+00        0.1600000000E-02
         3      0.4357526751E+00        0.1691832872E+00        0.1600000000E-02
         3      0.4186573378E+00        0.2014839414E+00        0.1600000000E-02
         3      0.4279565016E+00        0.3479233488E+00        0.1600000000E-02
         3      0.4075756682E+00        0.3756065341E+00        0.1600000000E-02
         3      0.4220491716E+00        0.4144235488E+00        0.1600000000E-02
         3      0.4315846785E+00        0.4705096357E+00        0.1600000000E-02
         3      0.4249209489E+00        0.5114976718E+00        0.1600000000E-02
         3      0.4452099635E+00        0.5476151153E+00        0.1600000000E-02
         3      0.4343473474E+00        0.5849643589E+00        0.1600000000E-02
         3      0.4314767412E+00        0.6235082452E+00        0.1600000000E-02
         3      0.4289555029E+00        0.6631636716E+00        0.1600000000E-02
         3      0.4280721859E+00        0.7021876098E+00        0.1600000000E-02
         3      0.4266925629E+00        0.7417611411E+00        0.1600000000E-02
         3      0.4268469438E+00        0.7813988264E+00        0.1600000000E-02
         3      0.4265099103E+00        0.8209021139E+00        0.1600000000E-02
         3      0.4269652748E+00        0.8606769619E+00        0.1600000000E-02
         3      0.4279389914E+00        0.9002418083E+00        0.1600000000E-02
         3      0.4253277624E+00        0.9398455951E+00        0.1600000000E-02
         3      0.4227239700E+00        0.9797150641E+00        0.1600000000E-02
         3      0.4627409184E+00        0.3353794074E+00        0.1600000000E-02
         3      0.4562240841E+00        0.3870816610E+00        0.1600000000E-02
         3      0.4494268996E+00        0.4370290712E+00        0.1600000000E-02
         3      0.4795354245E+00        0.4675574965E+00        0.1600000000E-02
         3      0.4647848827E+00        0.5054289748E+00        0.1600000000E-02
         3      0.4864790299E+00        0.5511831495E+00        0.1600000000E-02
         3      0.4768955841E+00        0.5878500195E+00        0.1600000000E-02
         3      0.4726203630E+00        0.6261307260E+00        0.1600000000E-02
         3      0.4709243472E+00        0.6647124599E+00        0.1600000000E-02
         3      0.4694161570E+00        0.7034058178E+00        0.1600000000E-02
         3      0.4680084485E+00        0.7422431505E+00        0.1600000000E-02
         3      0.4679102949E+00        0.7814952991E+00        0.1600000000E-02
         3      0.4677842035E+00        0.8205081942E+00        0.1600000000E-02
         3      0.4679523068E+00        0.8599026572E+00        0.1600000000E-02
         3      0.4688821480E+00        0.8989040906E+00        0.1600000000E-02
         3      0.4671132394E+00        0.9383707982E+00        0.1600000000E-02
         3      0.4631290157E+00        0.9777842906E+00        0.1600000000E-02
         3      0.4971641232E+00        0.3515903518E+00        0.1600000000E-02
         3      0.5020427274E+00        0.3871570739E+00        0.1600000000E-02
         3      0.4848739122E+00        0.4222910934E+00        0.1600000000E-02
         3      0.5008115217E+00        0.5120593673E+00        0.1600000000E-02
         3      0.5301881459E+00        0.5419123328E+00        0.1600000000E-02
         3      0.5225096858E+00        0.5819696369E+00        0.1600000000E-02
         3      0.5140818762E+00        0.6182896601E+00        0.1600000000E-02
         3      0.5119821980E+00        0.6591679801E+00        0.1600000000E-02
         3      0.5107963855E+00        0.6988991713E+00        0.1600000000E-02
         3      0.5087102068E+00        0.7387326642E+00        0.1600000000E-02
         3      0.5084636802E+00        0.7790905516E+00        0.1600000000E-02
         3      0.5084313347E+00        0.8193996144E+00        0.1600000000E-02
         3      0.5086317332E+00        0.8597409781E+00        0.1600000000E-02
         3      0.5095067356E+00        0.8996314590E+00        0.1600000000E-02
         3      0.5084059225E+00        0.9395737593E+00        0.1600000000E-02
         3      0.5034589582E+00        0.9797289720E+00        0.1600000000E-02
         3      0.2667327484E+00        0.4710692249E+00        0.1600000000E-02
         3      0.5648356576E+00        0.5653285161E+00        0.1600000000E-02
         3      0.3023774518E+00        0.9384814391E+00        0.1600000000E-02
         3      0.5530141413E+00        0.6343527857E+00        0.1600000000E-02
         3      0.5546617052E+00        0.6715127189E+00        0.1600000000E-02
         3      0.5525462970E+00        0.7085339270E+00        0.1600000000E-02
         3      0.5500008365E+00        0.7460311432E+00        0.1600000000E-02
         3      0.5496865312E+00        0.7842072174E+00        0.1600000000E-02
         3      0.5497552491E+00        0.8223731900E+00        0.1600000000E-02
         3      0.5498005259E+00        0.8610236364E+00        0.1600000000E-02
         3      0.5507486558E+00        0.8993781876E+00        0.1600000000E-02
         3      0.5501075310E+00        0.9383797778E+00        0.1600000000E-02
         3      0.5437965964E+00        0.9778686919E+00        0.1600000000E-02
         3      0.3466097840E+00        0.2064360245E+00        0.1600000000E-02
         3      0.5910884108E+00        0.1703000446E+00        0.1600000000E-02
         3      0.6077353442E+00        0.5737793081E+00        0.1600000000E-02
         3      0.6053802433E+00        0.6189327767E+00        0.1600000000E-02
         3      0.5957196253E+00        0.6572110013E+00        0.1600000000E-02
         3      0.5962027888E+00        0.6965563247E+00        0.1600000000E-02
         3      0.5923439620E+00        0.7368507978E+00        0.1600000000E-02
         3      0.5914239700E+00        0.7766417439E+00        0.1600000000E-02
         3      0.5910284496E+00        0.8572452269E+00        0.1600000000E-02
         3      0.5916251049E+00        0.8974277376E+00        0.1600000000E-02
         3      0.5907724256E+00        0.9381682268E+00        0.1600000000E-02
         3      0.5839107079E+00        0.9796568970E+00        0.1600000000E-02
         3      0.6071721727E+00        0.3500017774E-01        0.1600000000E-02
         3      0.6198014033E+00        0.1485186426E+00        0.1600000000E-02
         3      0.6420116548E+00        0.1887803772E+00        0.1600000000E-02
         3      0.6159758929E+00        0.3301448796E+00        0.1600000000E-02
         3      0.6048504780E+00        0.3718399775E+00        0.1600000000E-02
         3      0.6060970544E+00        0.4087079401E+00        0.1600000000E-02
         3      0.6468298349E+00        0.5600895385E+00        0.1600000000E-02
         3      0.6422489754E+00        0.6023839619E+00        0.1600000000E-02
         3      0.6383335223E+00        0.6481935729E+00        0.1600000000E-02
         3      0.6353576554E+00        0.6891441904E+00        0.1600000000E-02
         3      0.6317176767E+00        0.7317494486E+00        0.1600000000E-02
         3      0.6307655899E+00        0.7744061694E+00        0.1600000000E-02
         3      0.6305414622E+00        0.8161835760E+00        0.1600000000E-02
         3      0.6307464872E+00        0.8575773576E+00        0.1600000000E-02
         3      0.6304546678E+00        0.9388908421E+00        0.1600000000E-02
         3      0.6242623948E+00        0.9800279343E+00        0.1600000000E-02
         3      0.6455976637E+00        0.2554348098E-01        0.1600000000E-02
         3      0.6501759278E+00        0.5655405997E-01        0.1600000000E-02
         3      0.6590966508E+00        0.1604055198E+00        0.1600000000E-02
         3      0.6487550706E+00        0.3459104199E+00        0.1600000000E-02
         3      0.6723652213E+00        0.3727188143E+00        0.1600000000E-02
         3      0.6470485453E+00        0.4047770072E+00        0.1600000000E-02
         3      0.6299419782E+00        0.4443514815E+00        0.1600000000E-02
         3      0.6514419756E+00        0.4742936543E+00        0.1600000000E-02
         3      0.6630484088E+00        0.5192759698E+00        0.1600000000E-02
         3      0.6836694253E+00        0.5721079384E+00        0.1600000000E-02
         3      0.6781125442E+00        0.6143022633E+00        0.1600000000E-02
         3      0.6770697659E+00        0.6550260814E+00        0.1600000000E-02
         3      0.6744533467E+00        0.6948543033E+00        0.1600000000E-02
         3      0.6700462396E+00        0.7354521495E+00        0.1600000000E-02
         3      0.6697580720E+00        0.7761423251E+00        0.1600000000E-02
         3      0.6700026685E+00        0.8165651800E+00        0.1600000000E-02
         3      0.6705510266E+00        0.8571133222E+00        0.1600000000E-02
         3      0.6712796716E+00        0.8971876218E+00        0.1600000000E-02
         3      0.6710220479E+00        0.9378756590E+00        0.1600000000E-02
         3      0.6645684457E+00        0.9773526592E+00        0.1600000000E-02
         3      0.6933572920E+00        0.2186048746E-01        0.1600000000E-02
         3      0.6939969543E+00        0.6059568749E-01        0.1600000000E-02
         3      0.6988480616E+00        0.1844942232E+00        0.1600000000E-02
         3      0.6941510708E+00        0.2140155894E+00        0.1600000000E-02
         3      0.6906915221E+00        0.4097499611E+00        0.1600000000E-02
         3      0.6880429043E+00        0.4456012188E+00        0.1600000000E-02
         3      0.6904619770E+00        0.4858971611E+00        0.1600000000E-02
         3      0.7003612036E+00        0.5283861286E+00        0.1600000000E-02
         3      0.7221555769E+00        0.5627589326E+00        0.1600000000E-02
         3      0.7154424561E+00        0.6133249408E+00        0.1600000000E-02
         3      0.7179048740E+00        0.6547855644E+00        0.1600000000E-02
         3      0.7148582182E+00        0.6942903921E+00        0.1600000000E-02
         3      0.7095091975E+00        0.7350317877E+00        0.1600000000E-02
         3      0.6313883592E+00        0.8980094671E+00        0.1600000000E-02
         3      0.7100089092E+00        0.8172660241E+00        0.1600000000E-02
         3      0.7108172691E+00        0.8577505788E+00        0.1600000000E-02
         3      0.7116438103E+00        0.8975017113E+00        0.1600000000E-02
         3      0.7117413974E+00        0.9379765913E+00        0.1600000000E-02
         3      0.7048267224E+00        0.9772890090E+00        0.1600000000E-02
         3      0.7375201221E+00        0.1956521179E-01        0.1600000000E-02
         3      0.7383895759E+00        0.6069664220E-01        0.1600000000E-02
         3      0.7404406653E+00        0.2068519784E+00        0.1600000000E-02
         3      0.7308482220E+00        0.2445394544E+00        0.1600000000E-02
         3      0.7492790804E+00        0.5903117305E+00        0.1600000000E-02
         3      0.7588685391E+00        0.6301232669E+00        0.1600000000E-02
         3      0.7602589509E+00        0.6670702930E+00        0.1600000000E-02
         3      0.7547721605E+00        0.7049257992E+00        0.1600000000E-02
         3      0.7496726911E+00        0.7429920373E+00        0.1600000000E-02
         3      0.7503024341E+00        0.7816867827E+00        0.1600000000E-02
         3      0.7508826758E+00        0.8205650879E+00        0.1600000000E-02
         3      0.7517151845E+00        0.8600599577E+00        0.1600000000E-02
         3      0.7523664907E+00        0.8991351493E+00        0.1600000000E-02
         3      0.7524191584E+00        0.9392707950E+00        0.1600000000E-02
         3      0.7450860875E+00        0.9798573464E+00        0.1600000000E-02
         3      0.7769301646E+00        0.2313056333E-01        0.1600000000E-02
         3      0.7773811839E+00        0.7123875281E-01        0.1600000000E-02
         3      0.7775347621E+00        0.2244423144E+00        0.1600000000E-02
         3      0.7635143430E+00        0.2686490301E+00        0.1600000000E-02
         3      0.7942958810E+00        0.6044605266E+00        0.1600000000E-02
         3      0.8016067682E+00        0.6467575837E+00        0.1600000000E-02
         3      0.7094689362E+00        0.7764912883E+00        0.1600000000E-02
         3      0.7918262916E+00        0.7318488599E+00        0.1600000000E-02
         3      0.7904161701E+00        0.7729535620E+00        0.1600000000E-02
         3      0.7908809451E+00        0.8146084975E+00        0.1600000000E-02
         3      0.7919840956E+00        0.8562626299E+00        0.1600000000E-02
         3      0.7925810388E+00        0.8968313316E+00        0.1600000000E-02
         3      0.7924111960E+00        0.9379032572E+00        0.1600000000E-02
         3      0.7854993334E+00        0.9795874826E+00        0.1600000000E-02
         3      0.8209384508E+00        0.1839223847E-01        0.1600000000E-02
         3      0.8097901554E+00        0.5312425480E-01        0.1600000000E-02
         3      0.8255741955E+00        0.9005049180E-01        0.1600000000E-02
         3      0.8127385441E+00        0.2261840344E+00        0.1600000000E-02
         3      0.8039907270E+00        0.2718785916E+00        0.1600000000E-02
         3      0.8065145945E+00        0.4541105019E+00        0.1600000000E-02
         3      0.8098183009E+00        0.4968228821E+00        0.1600000000E-02
         3      0.8178664370E+00        0.5332943286E+00        0.1600000000E-02
         3      0.8178245337E+00        0.5721569435E+00        0.1600000000E-02
         3      0.8370873810E+00        0.6130360620E+00        0.1600000000E-02
         3      0.8394051483E+00        0.6546890676E+00        0.1600000000E-02
         3      0.8346845596E+00        0.6967124779E+00        0.1600000000E-02
         3      0.8312080750E+00        0.7373154919E+00        0.1600000000E-02
         3      0.8300975128E+00        0.7775273265E+00        0.1600000000E-02
         3      0.5801518621E+00        0.5018869394E-01        0.1600000000E-02
         3      0.8323078786E+00        0.8576392101E+00        0.1600000000E-02
         3      0.8326064721E+00        0.8971571793E+00        0.1600000000E-02
         3      0.8324237777E+00        0.9377496676E+00        0.1600000000E-02
         3      0.8257623423E+00        0.9776473415E+00        0.1600000000E-02
         3      0.8637230894E+00        0.2203064299E-01        0.1600000000E-02
         3      0.8578951424E+00        0.6081415891E-01        0.1600000000E-02
         3      0.8590394314E+00        0.1078438999E+00        0.1600000000E-02
         3      0.8539436552E+00        0.2114439016E+00        0.1600000000E-02
         3      0.8489616469E+00        0.2523041163E+00        0.1600000000E-02
         3      0.8378552988E+00        0.2898375681E+00        0.1600000000E-02
         3      0.8623190889E+00        0.3222288760E+00        0.1600000000E-02
         3      0.8430024077E+00        0.4804200674E+00        0.1600000000E-02
         3      0.8663725837E+00        0.5113781102E+00        0.1600000000E-02
         3      0.8555672556E+00        0.5621035716E+00        0.1600000000E-02
         3      0.8730360102E+00        0.5971042223E+00        0.1600000000E-02
         3      0.7973811648E+00        0.6895521433E+00        0.1600000000E-02
         3      0.8738833387E+00        0.6862885909E+00        0.1600000000E-02
         3      0.8708523116E+00        0.7293944794E+00        0.1600000000E-02
         3      0.8694873392E+00        0.7716709063E+00        0.1600000000E-02
         3      0.8698501907E+00        0.8139427065E+00        0.1600000000E-02
         3      0.8721412285E+00        0.8560305948E+00        0.1600000000E-02
         3      0.8725143803E+00        0.8972211461E+00        0.1600000000E-02
         3      0.8722285840E+00        0.9391179298E+00        0.1600000000E-02
         3      0.8663163699E+00        0.9794555741E+00        0.1600000000E-02
         3      0.9040454486E+00        0.2093390156E-01        0.1600000000E-02
         3      0.8955672514E+00        0.6311348515E-01        0.1600000000E-02
         3      0.9013499152E+00        0.1014999480E+00        0.1600000000E-02
         3      0.8820568523E+00        0.1424735567E+00        0.1600000000E-02
         3      0.8824959171E+00        0.1804874930E+00        0.1600000000E-02
         3      0.5910738863E+00        0.8166483891E+00        0.1600000000E-02
         3      0.8874150338E+00        0.2587308008E+00        0.1600000000E-02
         3      0.8909022450E+00        0.2960692014E+00        0.1600000000E-02
         3      0.8790935966E+00        0.3602144313E+00        0.1600000000E-02
         3      0.8981351799E+00        0.3863635321E+00        0.1600000000E-02
         3      0.8867908219E+00        0.5414309988E+00        0.1600000000E-02
         3      0.9182622747E+00        0.5656224467E+00        0.1600000000E-02
         3      0.9090204556E+00        0.6042537351E+00        0.1600000000E-02
         3      0.9141135811E+00        0.6475768808E+00        0.1600000000E-02
         3      0.9116410138E+00        0.6886248478E+00        0.1600000000E-02
         3      0.9089364964E+00        0.7310406595E+00        0.1600000000E-02
         3      0.9081138880E+00        0.7727217720E+00        0.1600000000E-02
         3      0.9082629222E+00        0.8143598199E+00        0.1600000000E-02
         3      0.9114347354E+00        0.8558184109E+00        0.1600000000E-02
         3      0.9119615865E+00        0.9373889146E+00        0.1600000000E-02
         3      0.9070377857E+00        0.9775850148E+00        0.1600000000E-02
         3      0.9459638954E+00        0.1982317375E-01        0.1600000000E-02
         3      0.9350321812E+00        0.5908311440E-01        0.1600000000E-02
         3      0.9431870025E+00        0.9910536106E-01        0.1600000000E-02
         3      0.9235673345E+00        0.1391666741E+00        0.1600000000E-02
         3      0.9304310521E+00        0.1758308276E+00        0.1600000000E-02
         3      0.9344461393E+00        0.2140619133E+00        0.1600000000E-02
         3      0.9288584689E+00        0.2562209634E+00        0.1600000000E-02
         3      0.9326317340E+00        0.2959319099E+00        0.1600000000E-02
         3      0.9156286141E+00        0.3323445234E+00        0.1600000000E-02
         3      0.9368793835E+00        0.3714015026E+00        0.1600000000E-02
         3      0.8304551710E+00        0.8176527784E+00        0.1600000000E-02
         3      0.9569550872E+00        0.5771573516E+00        0.1600000000E-02
         3      0.9482608944E+00        0.6175058330E+00        0.1600000000E-02
         3      0.9539795451E+00        0.6582224108E+00        0.1600000000E-02
         3      0.9495177020E+00        0.6990134070E+00        0.1600000000E-02
         3      0.9482921686E+00        0.7395106174E+00        0.1600000000E-02
         3      0.9476218607E+00        0.7795891550E+00        0.1600000000E-02
         3      0.9481738725E+00        0.8195976495E+00        0.1600000000E-02
         3      0.9519415722E+00        0.8598605401E+00        0.1600000000E-02
         3      0.9516383499E+00        0.8995473688E+00        0.1600000000E-02
         3      0.9522770328E+00        0.9401110949E+00        0.1600000000E-02
         3      0.9478022639E+00        0.9794125042E+00        0.1600000000E-02
         3      0.9896753386E+00        0.2365582026E-01        0.1600000000E-02
         3      0.5675939288E+00        0.6017256292E+00        0.1600000000E-02
         3      0.9853915209E+00        0.1001627717E+00        0.1600000000E-02
         3      0.9641171442E+00        0.1375830589E+00        0.1600000000E-02
         3      0.9773385093E+00        0.1719273917E+00        0.1600000000E-02
         3      0.9726561027E+00        0.2108430395E+00        0.1600000000E-02
         3      0.9696961028E+00        0.2527575526E+00        0.1600000000E-02
         3      0.9721643952E+00        0.2934801595E+00        0.1600000000E-02
         3      0.9585114420E+00        0.3349704427E+00        0.1600000000E-02
         3      0.9764070107E+00        0.3747034030E+00        0.1600000000E-02
         3      0.9570441104E+00        0.4219462757E+00        0.1600000000E-02
         3      0.9701914183E+00        0.4545925883E+00        0.1600000000E-02
         3      0.9971112935E+00        0.5806687023E+00        0.1600000000E-02
         3      0.9897177187E+00        0.6193569435E+00        0.1600000000E-02
         3      0.9949851540E+00        0.6579372020E+00        0.1600000000E-02
         3      0.9894384958E+00        0.6977469787E+00        0.1600000000E-02
         3      0.9888304341E+00        0.7385824887E+00        0.1600000000E-02
         3      0.9881362291E+00        0.7787403302E+00        0.1600000000E-02
         3      0.9885579728E+00        0.8191474050E+00        0.1600000000E-02
         3      0.9929383444E+00        0.8590850747E+00        0.1600000000E-02
         3      0.9116945037E+00        0.8960749239E+00        0.1600000000E-02
         3      0.9938519855E+00        0.9383419445E+00        0.1600000000E-02
         3      0.9885642801E+00        0.9775184202E+00        0.1600000000E-02
         3      0.1015504373E+01        0.6591070801E-01        0.1600000000E-02
         3      0.1034480894E+01        0.1021976558E+00        0.1600000000E-02
         3      0.1009851108E+01        0.1334681494E+00        0.1600000000E-02
         3      0.1023618440E+01        0.1687837539E+00        0.1600000000E-02
         3      0.1010862366E+01        0.2077736514E+00        0.1600000000E-02
         3      0.1009889511E+01        0.2492054527E+00        0.1600000000E-02
         3      0.1013747620E+01        0.2880944337E+00        0.1600000000E-02
         3      0.9985725783E+00        0.3295608438E+00        0.1600000000E-02
         3      0.1016627422E+01        0.3655953109E+00        0.1600000000E-02
         3      0.9997096784E+00        0.4072572219E+00        0.1600000000E-02
         3      0.1016635588E+01        0.4446392776E+00        0.1600000000E-02
         3      0.1000473487E+01        0.4817871168E+00        0.1600000000E-02
         3      0.1033047124E+01        0.5634229903E+00        0.1600000000E-02
         3      0.1032819194E+01        0.6111898407E+00        0.1600000000E-02
         3      0.1033895937E+01        0.6503124062E+00        0.1600000000E-02
         3      0.1029402821E+01        0.6946657380E+00        0.1600000000E-02
         3      0.1029052561E+01        0.7353280334E+00        0.1600000000E-02
         3      0.1027983401E+01        0.7761723976E+00        0.1600000000E-02
         3      0.1028643490E+01        0.8170058264E+00        0.1600000000E-02
         3      0.1033254850E+01        0.8577146509E+00        0.1600000000E-02
         3      0.1032333477E+01        0.8984127395E+00        0.1600000000E-02
         3      0.1034734693E+01        0.9396260928E+00        0.1600000000E-02
         3      0.1029263247E+01        0.9794327275E+00        0.1600000000E-02
         3      0.1056281756E+01        0.1402501046E+00        0.1600000000E-02
         3      0.1075596708E+01        0.1740099629E+00        0.1600000000E-02
         3      0.1052281900E+01        0.2043960517E+00        0.1600000000E-02
         3      0.1049540527E+01        0.2445750191E+00        0.1600000000E-02
         3      0.1054748151E+01        0.2834694525E+00        0.1600000000E-02
         3      0.1040338836E+01        0.3235904074E+00        0.1600000000E-02
         3      0.1057693711E+01        0.3629409369E+00        0.1600000000E-02
         3      0.1040442734E+01        0.4035675472E+00        0.1600000000E-02
         3      0.1057523006E+01        0.4411224977E+00        0.1600000000E-02
         3      0.1049273996E+01        0.4815384723E+00        0.1600000000E-02
         3      0.1029651236E+01        0.5112167829E+00        0.1600000000E-02
         3      0.1062163750E+01        0.5372644872E+00        0.1600000000E-02
         3      0.1065851652E+01        0.5880224921E+00        0.1600000000E-02
         3      0.1072399080E+01        0.6381112733E+00        0.1600000000E-02
         3      0.1066266410E+01        0.6815204541E+00        0.1600000000E-02
         3      0.1067896900E+01        0.7268689136E+00        0.1600000000E-02
         3      0.1066598377E+01        0.7695149559E+00        0.1600000000E-02
         3      0.1067305148E+01        0.8123594739E+00        0.1600000000E-02
         3      0.1072422856E+01        0.8543831471E+00        0.1600000000E-02
         3      0.1071357331E+01        0.8956160799E+00        0.1600000000E-02
         3      0.1074839868E+01        0.9374305420E+00        0.1600000000E-02
         3      0.1069940708E+01        0.9774162662E+00        0.1600000000E-02
         3      0.1098293592E+01        0.2104897570E+00        0.1600000000E-02
         3      0.1092440891E+01        0.2442469146E+00        0.1600000000E-02
         3      0.1095314854E+01        0.2886320434E+00        0.1600000000E-02
         3      0.1081639246E+01        0.3250731629E+00        0.1600000000E-02
         3      0.1100937978E+01        0.3614273714E+00        0.1600000000E-02
         3      0.1081218659E+01        0.3998374426E+00        0.1600000000E-02
         3      0.1101386768E+01        0.4361779502E+00        0.1600000000E-02
         3      0.1089895285E+01        0.4741647515E+00        0.1600000000E-02
         3      0.1088633260E+01        0.5133670966E+00        0.1600000000E-02
         3      0.1099312250E+01        0.5602044447E+00        0.1600000000E-02
         3      0.1099333075E+01        0.6051727446E+00        0.1600000000E-02
         3      0.1110434720E+01        0.6499580110E+00        0.1600000000E-02
         3      0.1102225547E+01        0.6916907947E+00        0.1600000000E-02
         3      0.1106970775E+01        0.7333784174E+00        0.1600000000E-02
         3      0.1104974438E+01        0.7740355316E+00        0.1600000000E-02
         3      0.1106104771E+01        0.8153152192E+00        0.1600000000E-02
         3      0.1112058266E+01        0.8566893260E+00        0.1600000000E-02
         3      0.1110411892E+01        0.8972462134E+00        0.1600000000E-02
         3      0.1114696294E+01        0.9384823235E+00        0.1600000000E-02
         3      0.1110539321E+01        0.9788026069E+00        0.1600000000E-02
         3      0.9769002727E+00        0.5832056228E-01        0.1600000000E-02
         3      0.1127069453E+01        0.2582183847E+00        0.1600000000E-02
         3      0.1144536741E+01        0.2949910644E+00        0.1600000000E-02
         3      0.1127546070E+01        0.3246856296E+00        0.1600000000E-02
         3      0.1143750965E+01        0.3649290094E+00        0.1600000000E-02
         3      0.1124797055E+01        0.4009711475E+00        0.1600000000E-02
         3      0.1142445193E+01        0.4407682537E+00        0.1600000000E-02
         3      0.1129940977E+01        0.4809937023E+00        0.1600000000E-02
         3      0.1127558455E+01        0.5232907632E+00        0.1600000000E-02
         3      0.1138940450E+01        0.5644208174E+00        0.1600000000E-02
         3      0.1135528920E+01        0.6064278128E+00        0.1600000000E-02
         3      0.1148823205E+01        0.6487354901E+00        0.1600000000E-02
         3      0.1140328485E+01        0.6920433203E+00        0.1600000000E-02
         3      0.1146702717E+01        0.7341685911E+00        0.1600000000E-02
         3      0.1144374717E+01        0.7755773556E+00        0.1600000000E-02
         3      0.1145387529E+01        0.8170120177E+00        0.1600000000E-02
         3      0.1152539460E+01        0.8578433574E+00        0.1600000000E-02
         3      0.1150066749E+01        0.8979491347E+00        0.1600000000E-02
         3      0.1155171725E+01        0.9381623940E+00        0.1600000000E-02
         3      0.1150779906E+01        0.9797101680E+00        0.1600000000E-02
         3      0.1171405708E+01        0.3357182272E+00        0.1600000000E-02
         3      0.1191548425E+01        0.3720720752E+00        0.1600000000E-02
         3      0.1168898320E+01        0.4033031742E+00        0.1600000000E-02
         3      0.1184488078E+01        0.4414820052E+00        0.1600000000E-02
         3      0.1168022379E+01        0.4818422403E+00        0.1600000000E-02
         3      0.1166404846E+01        0.5232206627E+00        0.1600000000E-02
         3      0.1178914901E+01        0.5627440152E+00        0.1600000000E-02
         3      0.1173682654E+01        0.6056128432E+00        0.1600000000E-02
         3      0.1188218391E+01        0.6460416165E+00        0.1600000000E-02
         3      0.1177445481E+01        0.6890620887E+00        0.1600000000E-02
         3      0.1185778470E+01        0.7309604154E+00        0.1600000000E-02
         3      0.1183201941E+01        0.7728326386E+00        0.1600000000E-02
         3      0.1184113792E+01        0.8149148556E+00        0.1600000000E-02
         3      0.1192430131E+01        0.8561634194E+00        0.1600000000E-02
         3      0.1189660954E+01        0.8973399736E+00        0.1600000000E-02
         3      0.1195149639E+01        0.9380688889E+00        0.1600000000E-02
         3      0.1190628047E+01        0.9807351957E+00        0.1600000000E-02
         3      0.9921355986E+00        0.8983466311E+00        0.1600000000E-02
         3      0.1214448910E+01        0.4118442348E+00        0.1600000000E-02
         3      0.1233663946E+01        0.4467901149E+00        0.1600000000E-02
         3      0.1209213717E+01        0.4781864683E+00        0.1600000000E-02
         3      0.1205985901E+01        0.5184466512E+00        0.1600000000E-02
         3      0.1218433271E+01        0.5552890962E+00        0.1600000000E-02
         3      0.1210215232E+01        0.5984430727E+00        0.1600000000E-02
         3      0.1225367572E+01        0.6445547706E+00        0.1600000000E-02
         3      0.1215196225E+01        0.6880395975E+00        0.1600000000E-02
         3      0.1224824849E+01        0.7305479075E+00        0.1600000000E-02
         3      0.1222764404E+01        0.8133400181E+00        0.1600000000E-02
         3      0.1232011761E+01        0.8549619042E+00        0.1600000000E-02
         3      0.1228781149E+01        0.8959966227E+00        0.1600000000E-02
         3      0.1234960880E+01        0.9368759993E+00        0.1600000000E-02
         3      0.1230414503E+01        0.9781828102E+00        0.1600000000E-02
         3      0.1253405407E+01        0.4850276501E+00        0.1600000000E-02
         3      0.1252943041E+01        0.5160804491E+00        0.1600000000E-02
         3      0.1255850193E+01        0.5665342927E+00        0.1600000000E-02
         3      0.1246813413E+01        0.6065849674E+00        0.1600000000E-02
         3      0.1265387889E+01        0.6458344574E+00        0.1600000000E-02
         3      0.1252131229E+01        0.6877520872E+00        0.1600000000E-02
         3      0.1264563334E+01        0.7294222407E+00        0.1600000000E-02
         3      0.1260511223E+01        0.7714224543E+00        0.1600000000E-02
         3      0.1261354428E+01        0.8139072752E+00        0.1600000000E-02
         3      0.1271643707E+01        0.8542765872E+00        0.1600000000E-02
         3      0.1267982237E+01        0.8958989078E+00        0.1600000000E-02
         3      0.1269880844E+01        0.9789344972E+00        0.1600000000E-02
         3      0.1274900045E+01        0.9368504131E+00        0.1600000000E-02
         3      0.1302850894E+01        0.5666166701E+00        0.1600000000E-02
         3      0.1287720711E+01        0.6030690531E+00        0.1600000000E-02
         3      0.1305469007E+01        0.6458644338E+00        0.1600000000E-02
         3      0.1290205845E+01        0.6867383950E+00        0.1600000000E-02
         3      0.1304308867E+01        0.7265219512E+00        0.1600000000E-02
         3      0.1298993153E+01        0.7681740135E+00        0.1600000000E-02
         3      0.1300512357E+01        0.8092877904E+00        0.1600000000E-02
         3      0.1310666558E+01        0.8509699213E+00        0.1600000000E-02
         3      0.1306255681E+01        0.8930712188E+00        0.1600000000E-02
         3      0.1313612598E+01        0.9355961185E+00        0.1600000000E-02
         3      0.1308844564E+01        0.9788719046E+00        0.1600000000E-02
         3      0.1326832757E+01        0.6064153559E+00        0.1600000000E-02
         3      0.1347240689E+01        0.6417945666E+00        0.1600000000E-02
         3      0.1329608685E+01        0.6848991175E+00        0.1600000000E-02
         3      0.1221939205E+01        0.7717378109E+00        0.1600000000E-02
         3      0.1338135060E+01        0.7684919322E+00        0.1600000000E-02
         3      0.1339297186E+01        0.8109258298E+00        0.1600000000E-02
         3      0.1349744488E+01        0.8525904738E+00        0.1600000000E-02
         3      0.1344539199E+01        0.8948818807E+00        0.1600000000E-02
         3      0.1352560424E+01        0.9363259294E+00        0.1600000000E-02
         3      0.1347356899E+01        0.9796232978E+00        0.1600000000E-02
         3      0.1342784830E+01        0.7286390576E+00        0.1600000000E-02
         3      0.1380878173E+01        0.7136999450E+00        0.1600000000E-02
         3      0.1375913137E+01        0.7697421421E+00        0.1600000000E-02
         3      0.1378098940E+01        0.8097144215E+00        0.1600000000E-02
         3      0.1388777924E+01        0.8501088837E+00        0.1600000000E-02
         3      0.1381770303E+01        0.8921151118E+00        0.1600000000E-02
         3      0.1390743865E+01        0.9359010207E+00        0.1600000000E-02
         3      0.1386666782E+01        0.9787126756E+00        0.1600000000E-02
         3      0.1404909919E+01        0.7403423164E+00        0.1600000000E-02
         3      0.1424557396E+01        0.7755437745E+00        0.1600000000E-02
         3      0.1418898605E+01        0.8109708073E+00        0.1600000000E-02
         3      0.1427349402E+01        0.8589240311E+00        0.1600000000E-02
         3      0.1419783858E+01        0.8995882324E+00        0.1600000000E-02
         3      0.1431957134E+01        0.9375485048E+00        0.1600000000E-02
         3      0.1425423419E+01        0.9790058504E+00        0.1600000000E-02
         3      0.1453049621E+01        0.8226580712E+00        0.1600000000E-02
         3      0.1470517108E+01        0.8603209628E+00        0.1600000000E-02
         3      0.1461787579E+01        0.8957744022E+00        0.1600000000E-02
         3      0.1471965437E+01        0.9397263108E+00        0.1600000000E-02
         3      0.1464560877E+01        0.9794034347E+00        0.1600000000E-02
         3      0.1498666444E+01        0.9022099434E+00        0.1600000000E-02
         3      0.1520178454E+01        0.9373765760E+00        0.1600000000E-02
         3      0.1505358071E+01        0.9772290468E+00        0.1600000000E-02
         3      0.1281453908E+01        0.5320442968E+00        0.1600000000E-02
         3      0.1542584986E+01        0.9743987907E+00        0.1600000000E-02
         3      0.8966482090E+00        0.2182869999E+00        0.1600000000E-02
         3      0.8765121151E+00        0.6415390926E+00        0.1600000000E-02
         3      0.1369425650E+01        0.6802925271E+00        0.1600000000E-02
         3      0.9285957574E+00        0.4176181043E+00        0.1600000000E-02
