$*$$$$$$$$$$$$$$$$$$$$$$$$$$$$$$$$$$$$$$$$$$$$$$$$$$$$$$$$$$$$$$$$$
$*
$*                    Simcenter v2206.0.0.6002 Translator
$*                    for Simcenter Nastran version 2206.0
$*
$*             FEM FILE: C:\Users\boregopt\Downloads\HydrostaticDamWedge_bdryElem.fem
$*             SIM FILE: Unknown
$*        ANALYSIS TYPE: Structural
$*
$*    SOLVER INPUT FILE: bulkbdry.dat
$*        CREATION DATE: 11-Aug-2023
$*        CREATION TIME: 00:17:45
$*             HOSTNAME: 617-0601
$*      NASTRAN LICENSE: Enterprise
$*
$*                UNITS: mm (milli-newton)
$*                      ... LENGTH : mm
$*                      ... TIME   : sec
$*                      ... MASS   : kilogram (kg)
$*                      ... TEMPERATURE : deg Celsius
$*                      ... FORCE  : milli-newton
$*                      ... THERMAL ENERGY : mN-mm (micro-joule)
$*
$* IMPORTANT NOTE:
$*     This banner was generated by Simcenter and altering this 
$*     information may compromise the pre and post processing of results
$*
$*$$$$$$$$$$$$$$$$$$$$$$$$$$$$$$$$$$$$$$$$$$$$$$$$$$$$$$$$$$$$$$$$$
$*
$*$$$$$$$$$$$$$$$$$$$$$$$$$$$$$$$$$$$
$*
$* BULK DATA
$*
$*$$$$$$$$$$$$$$$$$$$$$$$$$$$$$$$$$$$
$*
BEGIN BULK
$*
$* GRID CARDS
$*
GRID,1,0,2.65E-13,0.0,500.0,0
GRID,2,0,2.67E-13,0.0,505.0,0
GRID,3,0,2.69E-13,0.0,510.0,0
GRID,4,0,2.71E-13,0.0,515.0,0
GRID,5,0,2.73E-13,0.0,520.0,0
GRID,6,0,2.75E-13,0.0,525.0,0
GRID,7,0,2.77E-13,0.0,530.0,0
GRID,8,0,2.78E-13,0.0,535.0,0
GRID,9,0,2.8E-13,0.0,540.0,0
GRID,10,0,2.82E-13,0.0,545.0,0
GRID,11,0,2.84E-13,0.0,550.0,0
GRID,12,0,2.86E-13,0.0,555.0,0
GRID,13,0,2.88E-13,0.0,560.0,0
GRID,14,0,2.9E-13,0.0,565.0,0
GRID,15,0,2.92E-13,0.0,570.0,0
GRID,16,0,2.94E-13,0.0,575.0,0
GRID,17,0,2.96E-13,0.0,580.0,0
GRID,18,0,2.97E-13,0.0,585.0,0
GRID,19,0,2.99E-13,0.0,590.0,0
GRID,20,0,3.01E-13,0.0,595.0,0
GRID,21,0,3.03E-13,0.0,600.0,0
GRID,22,0,0.0,0.0,0.0,0
GRID,23,0,2.65E-15,0.0,5.0,0
GRID,24,0,5.3E-15,0.0,10.0,0
GRID,25,0,7.95E-15,0.0,15.0,0
GRID,26,0,1.06E-14,0.0,20.0,0
GRID,27,0,1.33E-14,0.0,25.0,0
GRID,28,0,1.59E-14,0.0,30.0,0
GRID,29,0,1.86E-14,0.0,35.0,0
GRID,30,0,2.12E-14,0.0,40.0,0
GRID,31,0,2.39E-14,0.0,45.0,0
GRID,32,0,2.65E-14,0.0,50.0,0
GRID,33,0,2.92E-14,0.0,55.0,0
GRID,34,0,3.18E-14,0.0,60.0,0
GRID,35,0,3.45E-14,0.0,65.0,0
GRID,36,0,3.71E-14,0.0,70.0,0
GRID,37,0,3.98E-14,0.0,75.0,0
GRID,38,0,4.24E-14,0.0,80.0,0
GRID,39,0,4.51E-14,0.0,85.0,0
GRID,40,0,4.77E-14,0.0,90.0,0
GRID,41,0,5.04E-14,0.0,95.0,0
GRID,42,0,5.3E-14,0.0,100.0,0
GRID,43,0,5.57E-14,0.0,105.0,0
GRID,44,0,5.83E-14,0.0,110.0,0
GRID,45,0,6.1E-14,0.0,115.0,0
GRID,46,0,6.36E-14,0.0,120.0,0
GRID,47,0,6.63E-14,0.0,125.0,0
GRID,48,0,6.89E-14,0.0,130.0,0
GRID,49,0,7.16E-14,0.0,135.0,0
GRID,50,0,7.42E-14,0.0,140.0,0
GRID,51,0,7.69E-14,0.0,145.0,0
GRID,52,0,7.95E-14,0.0,150.0,0
GRID,53,0,8.22E-14,0.0,155.0,0
GRID,54,0,8.48E-14,0.0,160.0,0
GRID,55,0,8.75E-14,0.0,165.0,0
GRID,56,0,9.01E-14,0.0,170.0,0
GRID,57,0,9.28E-14,0.0,175.0,0
GRID,58,0,9.54E-14,0.0,180.0,0
GRID,59,0,9.81E-14,0.0,185.0,0
GRID,60,0,1.01E-13,0.0,190.0,0
GRID,61,0,1.03E-13,0.0,195.0,0
GRID,62,0,1.06E-13,0.0,200.0,0
GRID,63,0,1.09E-13,0.0,205.0,0
GRID,64,0,1.11E-13,0.0,210.0,0
GRID,65,0,1.14E-13,0.0,215.0,0
GRID,66,0,1.17E-13,0.0,220.0,0
GRID,67,0,1.19E-13,0.0,225.0,0
GRID,68,0,1.22E-13,0.0,230.0,0
GRID,69,0,1.25E-13,0.0,235.0,0
GRID,70,0,1.27E-13,0.0,240.0,0
GRID,71,0,1.3E-13,0.0,245.0,0
GRID,72,0,1.33E-13,0.0,250.0,0
GRID,73,0,1.35E-13,0.0,255.0,0
GRID,74,0,1.38E-13,0.0,260.0,0
GRID,75,0,1.41E-13,0.0,265.0,0
GRID,76,0,1.43E-13,0.0,270.0,0
GRID,77,0,1.46E-13,0.0,275.0,0
GRID,78,0,1.48E-13,0.0,280.0,0
GRID,79,0,1.51E-13,0.0,285.0,0
GRID,80,0,1.54E-13,0.0,290.0,0
GRID,81,0,1.56E-13,0.0,295.0,0
GRID,82,0,1.59E-13,0.0,300.0,0
GRID,83,0,1.62E-13,0.0,305.0,0
GRID,84,0,1.64E-13,0.0,310.0,0
GRID,85,0,1.67E-13,0.0,315.0,0
GRID,86,0,1.7E-13,0.0,320.0,0
GRID,87,0,1.72E-13,0.0,325.0,0
GRID,88,0,1.75E-13,0.0,330.0,0
GRID,89,0,1.78E-13,0.0,335.0,0
GRID,90,0,1.8E-13,0.0,340.0,0
GRID,91,0,1.83E-13,0.0,345.0,0
GRID,92,0,1.86E-13,0.0,350.0,0
GRID,93,0,1.88E-13,0.0,355.0,0
GRID,94,0,1.91E-13,0.0,360.0,0
GRID,95,0,1.94E-13,0.0,365.0,0
GRID,96,0,1.96E-13,0.0,370.0,0
GRID,97,0,1.99E-13,0.0,375.0,0
GRID,98,0,2.01E-13,0.0,380.0,0
GRID,99,0,2.04E-13,0.0,385.0,0
GRID,100,0,2.07E-13,0.0,390.0,0
GRID,101,0,2.09E-13,0.0,395.0,0
GRID,102,0,2.12E-13,0.0,400.0,0
GRID,103,0,2.15E-13,0.0,405.0,0
GRID,104,0,2.17E-13,0.0,410.0,0
GRID,105,0,2.2E-13,0.0,415.0,0
GRID,106,0,2.23E-13,0.0,420.0,0
GRID,107,0,2.25E-13,0.0,425.0,0
GRID,108,0,2.28E-13,0.0,430.0,0
GRID,109,0,2.31E-13,0.0,435.0,0
GRID,110,0,2.33E-13,0.0,440.0,0
GRID,111,0,2.36E-13,0.0,445.0,0
GRID,112,0,2.39E-13,0.0,450.0,0
GRID,113,0,2.41E-13,0.0,455.0,0
GRID,114,0,2.44E-13,0.0,460.0,0
GRID,115,0,2.47E-13,0.0,465.0,0
GRID,116,0,2.49E-13,0.0,470.0,0
GRID,117,0,2.52E-13,0.0,475.0,0
GRID,118,0,2.55E-13,0.0,480.0,0
GRID,119,0,2.57E-13,0.0,485.0,0
GRID,120,0,2.6E-13,0.0,490.0,0
GRID,121,0,2.62E-13,0.0,495.0,0
GRID,122,0,600.0,0.0,3.77E-13,0
GRID,123,0,595.0,0.0,3.74E-13,0
GRID,124,0,590.0,0.0,3.71E-13,0
GRID,125,0,585.0,0.0,3.68E-13,0
GRID,126,0,580.0,0.0,3.65E-13,0
GRID,127,0,575.0,0.0,3.62E-13,0
GRID,128,0,570.0,0.0,3.58E-13,0
GRID,129,0,565.0,0.0,3.55E-13,0
GRID,130,0,560.0,0.0,3.52E-13,0
GRID,131,0,555.0,0.0,3.49E-13,0
GRID,132,0,550.0,0.0,3.46E-13,0
GRID,133,0,545.0,0.0,3.43E-13,0
GRID,134,0,540.0,0.0,3.4E-13,0
GRID,135,0,535.0,0.0,3.36E-13,0
GRID,136,0,530.0,0.0,3.33E-13,0
GRID,137,0,525.0,0.0,3.3E-13,0
GRID,138,0,520.0,0.0,3.27E-13,0
GRID,139,0,515.0,0.0,3.24E-13,0
GRID,140,0,510.0,0.0,3.21E-13,0
GRID,141,0,505.0,0.0,3.18E-13,0
GRID,142,0,500.0,0.0,3.14E-13,0
GRID,143,0,495.0,0.0,3.11E-13,0
GRID,144,0,490.0,0.0,3.08E-13,0
GRID,145,0,485.0,0.0,3.05E-13,0
GRID,146,0,480.0,0.0,3.02E-13,0
GRID,147,0,475.0,0.0,2.99E-13,0
GRID,148,0,470.0,0.0,2.96E-13,0
GRID,149,0,465.0,0.0,2.92E-13,0
GRID,150,0,460.0,0.0,2.89E-13,0
GRID,151,0,455.0,0.0,2.86E-13,0
GRID,152,0,450.0,0.0,2.83E-13,0
GRID,153,0,445.0,0.0,2.8E-13,0
GRID,154,0,440.0,0.0,2.77E-13,0
GRID,155,0,435.0,0.0,2.74E-13,0
GRID,156,0,430.0,0.0,2.7E-13,0
GRID,157,0,425.0,0.0,2.67E-13,0
GRID,158,0,420.0,0.0,2.64E-13,0
GRID,159,0,415.0,0.0,2.61E-13,0
GRID,160,0,410.0,0.0,2.58E-13,0
GRID,161,0,405.0,0.0,2.55E-13,0
GRID,162,0,400.0,0.0,2.52E-13,0
GRID,163,0,395.0,0.0,2.48E-13,0
GRID,164,0,390.0,0.0,2.45E-13,0
GRID,165,0,385.0,0.0,2.42E-13,0
GRID,166,0,380.0,0.0,2.39E-13,0
GRID,167,0,375.0,0.0,2.36E-13,0
GRID,168,0,370.0,0.0,2.33E-13,0
GRID,169,0,365.0,0.0,2.3E-13,0
GRID,170,0,360.0,0.0,2.26E-13,0
GRID,171,0,355.0,0.0,2.23E-13,0
GRID,172,0,350.0,0.0,2.2E-13,0
GRID,173,0,345.0,0.0,2.17E-13,0
GRID,174,0,340.0,0.0,2.14E-13,0
GRID,175,0,335.0,0.0,2.11E-13,0
GRID,176,0,330.0,0.0,2.08E-13,0
GRID,177,0,325.0,0.0,2.04E-13,0
GRID,178,0,320.0,0.0,2.01E-13,0
GRID,179,0,315.0,0.0,1.98E-13,0
GRID,180,0,310.0,0.0,1.95E-13,0
GRID,181,0,305.0,0.0,1.92E-13,0
GRID,182,0,300.0,0.0,1.89E-13,0
GRID,183,0,295.0,0.0,1.86E-13,0
GRID,184,0,290.0,0.0,1.82E-13,0
GRID,185,0,285.0,0.0,1.79E-13,0
GRID,186,0,280.0,0.0,1.76E-13,0
GRID,187,0,275.0,0.0,1.73E-13,0
GRID,188,0,270.0,0.0,1.7E-13,0
GRID,189,0,265.0,0.0,1.67E-13,0
GRID,190,0,260.0,0.0,1.64E-13,0
GRID,191,0,255.0,0.0,1.6E-13,0
GRID,192,0,250.0,0.0,1.57E-13,0
GRID,193,0,245.0,0.0,1.54E-13,0
GRID,194,0,240.0,0.0,1.51E-13,0
GRID,195,0,235.0,0.0,1.48E-13,0
GRID,196,0,230.0,0.0,1.45E-13,0
GRID,197,0,225.0,0.0,1.41E-13,0
GRID,198,0,220.0,0.0,1.38E-13,0
GRID,199,0,215.0,0.0,1.35E-13,0
GRID,200,0,210.0,0.0,1.32E-13,0
GRID,201,0,205.0,0.0,1.29E-13,0
GRID,202,0,200.0,0.0,1.26E-13,0
GRID,203,0,195.0,0.0,1.23E-13,0
GRID,204,0,190.0,0.0,1.19E-13,0
GRID,205,0,185.0,0.0,1.16E-13,0
GRID,206,0,180.0,0.0,1.13E-13,0
GRID,207,0,175.0,0.0,1.1E-13,0
GRID,208,0,170.0,0.0,1.07E-13,0
GRID,209,0,165.0,0.0,1.04E-13,0
GRID,210,0,160.0,0.0,1.01E-13,0
GRID,211,0,155.0,0.0,9.75E-14,0
GRID,212,0,150.0,0.0,9.43E-14,0
GRID,213,0,145.0,0.0,9.12E-14,0
GRID,214,0,140.0,0.0,8.8E-14,0
GRID,215,0,135.0,0.0,8.49E-14,0
GRID,216,0,130.0,0.0,8.18E-14,0
GRID,217,0,125.0,0.0,7.86E-14,0
GRID,218,0,120.0,0.0,7.55E-14,0
GRID,219,0,115.0,0.0,7.23E-14,0
GRID,220,0,110.0,0.0,6.92E-14,0
GRID,221,0,105.0,0.0,6.6E-14,0
GRID,222,0,100.0,0.0,6.29E-14,0
GRID,223,0,95.0,0.0,5.97E-14,0
GRID,224,0,90.0,0.0,5.66E-14,0
GRID,225,0,85.0,0.0,5.35E-14,0
GRID,226,0,80.0,0.0,5.03E-14,0
GRID,227,0,75.0,0.0,4.72E-14,0
GRID,228,0,70.0,0.0,4.4E-14,0
GRID,229,0,65.0,0.0,4.09E-14,0
GRID,230,0,60.0,0.0,3.77E-14,0
GRID,231,0,55.0,0.0,3.46E-14,0
GRID,232,0,50.0,0.0,3.14E-14,0
GRID,233,0,45.0,0.0,2.83E-14,0
GRID,234,0,40.0,0.0,2.52E-14,0
GRID,235,0,35.0,0.0,2.2E-14,0
GRID,236,0,30.0,0.0,1.89E-14,0
GRID,237,0,25.0,0.0,1.57E-14,0
GRID,238,0,20.0,0.0,1.26E-14,0
GRID,239,0,15.0,0.0,9.43E-15,0
GRID,240,0,10.0,0.0,6.29E-15,0
GRID,241,0,5.0,0.0,3.14E-15,0
GRID,242,0,750.0,0.0,2.14E-13,0
GRID,243,0,745.0,0.0,2.2E-13,0
GRID,244,0,740.0,0.0,2.25E-13,0
GRID,245,0,735.0,0.0,2.31E-13,0
GRID,246,0,730.0,0.0,2.36E-13,0
GRID,247,0,725.0,0.0,2.42E-13,0
GRID,248,0,720.0,0.0,2.47E-13,0
GRID,249,0,715.0,0.0,2.52E-13,0
GRID,250,0,710.0,0.0,2.58E-13,0
GRID,251,0,705.0,0.0,2.63E-13,0
GRID,252,0,700.0,0.0,2.69E-13,0
GRID,253,0,695.0,0.0,2.74E-13,0
GRID,254,0,690.0,0.0,2.8E-13,0
GRID,255,0,685.0,0.0,2.85E-13,0
GRID,256,0,680.0,0.0,2.9E-13,0
GRID,257,0,675.0,0.0,2.96E-13,0
GRID,258,0,670.0,0.0,3.01E-13,0
GRID,259,0,665.0,0.0,3.07E-13,0
GRID,260,0,660.0,0.0,3.12E-13,0
GRID,261,0,655.0,0.0,3.18E-13,0
GRID,262,0,650.0,0.0,3.23E-13,0
GRID,263,0,645.0,0.0,3.28E-13,0
GRID,264,0,640.0,0.0,3.34E-13,0
GRID,265,0,635.0,0.0,3.39E-13,0
GRID,266,0,630.0,0.0,3.45E-13,0
GRID,267,0,625.0,0.0,3.5E-13,0
GRID,268,0,620.0,0.0,3.56E-13,0
GRID,269,0,615.0,0.0,3.61E-13,0
GRID,270,0,610.0,0.0,3.66E-13,0
GRID,271,0,605.0,0.0,3.72E-13,0
GRID,272,0,1000.0,0.0,250.0,0
GRID,273,0,996.4789,0.0,246.4789,0
GRID,274,0,992.9577,0.0,242.9577,0
GRID,275,0,989.4366,0.0,239.4366,0
GRID,276,0,985.9155,0.0,235.9155,0
GRID,277,0,982.3944,0.0,232.3944,0
GRID,278,0,978.8732,0.0,228.8732,0
GRID,279,0,975.3521,0.0,225.3521,0
GRID,280,0,971.831,0.0,221.831,0
GRID,281,0,968.3099,0.0,218.3099,0
GRID,282,0,964.7887,0.0,214.7887,0
GRID,283,0,961.2676,0.0,211.2676,0
GRID,284,0,957.7465,0.0,207.7465,0
GRID,285,0,954.2254,0.0,204.2254,0
GRID,286,0,950.7042,0.0,200.7042,0
GRID,287,0,947.1831,0.0,197.1831,0
GRID,288,0,943.662,0.0,193.662,0
GRID,289,0,940.1408,0.0,190.1408,0
GRID,290,0,936.6197,0.0,186.6197,0
GRID,291,0,933.0986,0.0,183.0986,0
GRID,292,0,929.5775,0.0,179.5775,0
GRID,293,0,926.0563,0.0,176.0563,0
GRID,294,0,922.5352,0.0,172.5352,0
GRID,295,0,919.0141,0.0,169.0141,0
GRID,296,0,915.493,0.0,165.493,0
GRID,297,0,911.9718,0.0,161.9718,0
GRID,298,0,908.4507,0.0,158.4507,0
GRID,299,0,904.9296,0.0,154.9296,0
GRID,300,0,901.4085,0.0,151.4085,0
GRID,301,0,897.8873,0.0,147.8873,0
GRID,302,0,894.3662,0.0,144.3662,0
GRID,303,0,890.8451,0.0,140.8451,0
GRID,304,0,887.3239,0.0,137.3239,0
GRID,305,0,883.8028,0.0,133.8028,0
GRID,306,0,880.2817,0.0,130.2817,0
GRID,307,0,876.7606,0.0,126.7606,0
GRID,308,0,873.2394,0.0,123.2394,0
GRID,309,0,869.7183,0.0,119.7183,0
GRID,310,0,866.1972,0.0,116.1972,0
GRID,311,0,862.6761,0.0,112.6761,0
GRID,312,0,859.1549,0.0,109.1549,0
GRID,313,0,855.6338,0.0,105.6338,0
GRID,314,0,852.1127,0.0,102.1127,0
GRID,315,0,848.5915,0.0,98.59155,0
GRID,316,0,845.0704,0.0,95.07042,0
GRID,317,0,841.5493,0.0,91.5493,0
GRID,318,0,838.0282,0.0,88.02817,0
GRID,319,0,834.507,0.0,84.50704,0
GRID,320,0,830.9859,0.0,80.98592,0
GRID,321,0,827.4648,0.0,77.46479,0
GRID,322,0,823.9437,0.0,73.94366,0
GRID,323,0,820.4225,0.0,70.42254,0
GRID,324,0,816.9014,0.0,66.90141,0
GRID,325,0,813.3803,0.0,63.38028,0
GRID,326,0,809.8592,0.0,59.85915,0
GRID,327,0,806.338,0.0,56.33803,0
GRID,328,0,802.8169,0.0,52.8169,0
GRID,329,0,799.2958,0.0,49.29577,0
GRID,330,0,795.7746,0.0,45.77465,0
GRID,331,0,792.2535,0.0,42.25352,0
GRID,332,0,788.7324,0.0,38.73239,0
GRID,333,0,785.2113,0.0,35.21127,0
GRID,334,0,781.6901,0.0,31.69014,0
GRID,335,0,778.169,0.0,28.16901,0
GRID,336,0,774.6479,0.0,24.64789,0
GRID,337,0,771.1268,0.0,21.12676,0
GRID,338,0,767.6056,0.0,17.60563,0
GRID,339,0,764.0845,0.0,14.08451,0
GRID,340,0,760.5634,0.0,10.56338,0
GRID,341,0,757.0423,0.0,7.042254,0
GRID,342,0,753.5211,0.0,3.521127,0
GRID,343,0,1250.0,0.0,1.03E-12,0
GRID,344,0,1246.479,0.0,3.521127,0
GRID,345,0,1242.958,0.0,7.042254,0
GRID,346,0,1239.437,0.0,10.56338,0
GRID,347,0,1235.915,0.0,14.08451,0
GRID,348,0,1232.394,0.0,17.60563,0
GRID,349,0,1228.873,0.0,21.12676,0
GRID,350,0,1225.352,0.0,24.64789,0
GRID,351,0,1221.831,0.0,28.16901,0
GRID,352,0,1218.31,0.0,31.69014,0
GRID,353,0,1214.789,0.0,35.21127,0
GRID,354,0,1211.268,0.0,38.73239,0
GRID,355,0,1207.746,0.0,42.25352,0
GRID,356,0,1204.225,0.0,45.77465,0
GRID,357,0,1200.704,0.0,49.29577,0
GRID,358,0,1197.183,0.0,52.8169,0
GRID,359,0,1193.662,0.0,56.33803,0
GRID,360,0,1190.141,0.0,59.85915,0
GRID,361,0,1186.62,0.0,63.38028,0
GRID,362,0,1183.099,0.0,66.90141,0
GRID,363,0,1179.577,0.0,70.42254,0
GRID,364,0,1176.056,0.0,73.94366,0
GRID,365,0,1172.535,0.0,77.46479,0
GRID,366,0,1169.014,0.0,80.98592,0
GRID,367,0,1165.493,0.0,84.50704,0
GRID,368,0,1161.972,0.0,88.02817,0
GRID,369,0,1158.451,0.0,91.5493,0
GRID,370,0,1154.93,0.0,95.07042,0
GRID,371,0,1151.408,0.0,98.59155,0
GRID,372,0,1147.887,0.0,102.1127,0
GRID,373,0,1144.366,0.0,105.6338,0
GRID,374,0,1140.845,0.0,109.1549,0
GRID,375,0,1137.324,0.0,112.6761,0
GRID,376,0,1133.803,0.0,116.1972,0
GRID,377,0,1130.282,0.0,119.7183,0
GRID,378,0,1126.761,0.0,123.2394,0
GRID,379,0,1123.239,0.0,126.7606,0
GRID,380,0,1119.718,0.0,130.2817,0
GRID,381,0,1116.197,0.0,133.8028,0
GRID,382,0,1112.676,0.0,137.3239,0
GRID,383,0,1109.155,0.0,140.8451,0
GRID,384,0,1105.634,0.0,144.3662,0
GRID,385,0,1102.113,0.0,147.8873,0
GRID,386,0,1098.592,0.0,151.4085,0
GRID,387,0,1095.07,0.0,154.9296,0
GRID,388,0,1091.549,0.0,158.4507,0
GRID,389,0,1088.028,0.0,161.9718,0
GRID,390,0,1084.507,0.0,165.493,0
GRID,391,0,1080.986,0.0,169.0141,0
GRID,392,0,1077.465,0.0,172.5352,0
GRID,393,0,1073.944,0.0,176.0563,0
GRID,394,0,1070.423,0.0,179.5775,0
GRID,395,0,1066.901,0.0,183.0986,0
GRID,396,0,1063.38,0.0,186.6197,0
GRID,397,0,1059.859,0.0,190.1408,0
GRID,398,0,1056.338,0.0,193.662,0
GRID,399,0,1052.817,0.0,197.1831,0
GRID,400,0,1049.296,0.0,200.7042,0
GRID,401,0,1045.775,0.0,204.2254,0
GRID,402,0,1042.254,0.0,207.7465,0
GRID,403,0,1038.732,0.0,211.2676,0
GRID,404,0,1035.211,0.0,214.7887,0
GRID,405,0,1031.69,0.0,218.3099,0
GRID,406,0,1028.169,0.0,221.831,0
GRID,407,0,1024.648,0.0,225.3521,0
GRID,408,0,1021.127,0.0,228.8732,0
GRID,409,0,1017.606,0.0,232.3944,0
GRID,410,0,1014.085,0.0,235.9155,0
GRID,411,0,1010.563,0.0,239.4366,0
GRID,412,0,1007.042,0.0,242.9577,0
GRID,413,0,1003.521,0.0,246.4789,0
GRID,414,0,1400.0,0.0,0.0,0
GRID,415,0,1395.0,0.0,3.42E-14,0
GRID,416,0,1390.0,0.0,6.85E-14,0
GRID,417,0,1385.0,0.0,1.03E-13,0
GRID,418,0,1380.0,0.0,1.37E-13,0
GRID,419,0,1375.0,0.0,1.71E-13,0
GRID,420,0,1370.0,0.0,2.05E-13,0
GRID,421,0,1365.0,0.0,2.4E-13,0
GRID,422,0,1360.0,0.0,2.74E-13,0
GRID,423,0,1355.0,0.0,3.08E-13,0
GRID,424,0,1350.0,0.0,3.42E-13,0
GRID,425,0,1345.0,0.0,3.77E-13,0
GRID,426,0,1340.0,0.0,4.11E-13,0
GRID,427,0,1335.0,0.0,4.45E-13,0
GRID,428,0,1330.0,0.0,4.79E-13,0
GRID,429,0,1325.0,0.0,5.13E-13,0
GRID,430,0,1320.0,0.0,5.48E-13,0
GRID,431,0,1315.0,0.0,5.82E-13,0
GRID,432,0,1310.0,0.0,6.16E-13,0
GRID,433,0,1305.0,0.0,6.5E-13,0
GRID,434,0,1300.0,0.0,6.85E-13,0
GRID,435,0,1295.0,0.0,7.19E-13,0
GRID,436,0,1290.0,0.0,7.53E-13,0
GRID,437,0,1285.0,0.0,7.87E-13,0
GRID,438,0,1280.0,0.0,8.22E-13,0
GRID,439,0,1275.0,0.0,8.56E-13,0
GRID,440,0,1270.0,0.0,8.9E-13,0
GRID,441,0,1265.0,0.0,9.24E-13,0
GRID,442,0,1260.0,0.0,9.58E-13,0
GRID,443,0,1255.0,0.0,9.93E-13,0
GRID,444,0,2000.0,0.0,0.0,0
GRID,445,0,1995.0,0.0,0.0,0
GRID,446,0,1990.0,0.0,0.0,0
GRID,447,0,1985.0,0.0,0.0,0
GRID,448,0,1980.0,0.0,0.0,0
GRID,449,0,1975.0,0.0,0.0,0
GRID,450,0,1970.0,0.0,0.0,0
GRID,451,0,1965.0,0.0,0.0,0
GRID,452,0,1960.0,0.0,0.0,0
GRID,453,0,1955.0,0.0,0.0,0
GRID,454,0,1950.0,0.0,0.0,0
GRID,455,0,1945.0,0.0,0.0,0
GRID,456,0,1940.0,0.0,0.0,0
GRID,457,0,1935.0,0.0,0.0,0
GRID,458,0,1930.0,0.0,0.0,0
GRID,459,0,1925.0,0.0,0.0,0
GRID,460,0,1920.0,0.0,0.0,0
GRID,461,0,1915.0,0.0,0.0,0
GRID,462,0,1910.0,0.0,0.0,0
GRID,463,0,1905.0,0.0,0.0,0
GRID,464,0,1900.0,0.0,0.0,0
GRID,465,0,1895.0,0.0,0.0,0
GRID,466,0,1890.0,0.0,0.0,0
GRID,467,0,1885.0,0.0,0.0,0
GRID,468,0,1880.0,0.0,0.0,0
GRID,469,0,1875.0,0.0,0.0,0
GRID,470,0,1870.0,0.0,0.0,0
GRID,471,0,1865.0,0.0,0.0,0
GRID,472,0,1860.0,0.0,0.0,0
GRID,473,0,1855.0,0.0,0.0,0
GRID,474,0,1850.0,0.0,0.0,0
GRID,475,0,1845.0,0.0,0.0,0
GRID,476,0,1840.0,0.0,0.0,0
GRID,477,0,1835.0,0.0,0.0,0
GRID,478,0,1830.0,0.0,0.0,0
GRID,479,0,1825.0,0.0,0.0,0
GRID,480,0,1820.0,0.0,0.0,0
GRID,481,0,1815.0,0.0,0.0,0
GRID,482,0,1810.0,0.0,0.0,0
GRID,483,0,1805.0,0.0,0.0,0
GRID,484,0,1800.0,0.0,0.0,0
GRID,485,0,1795.0,0.0,0.0,0
GRID,486,0,1790.0,0.0,0.0,0
GRID,487,0,1785.0,0.0,0.0,0
GRID,488,0,1780.0,0.0,0.0,0
GRID,489,0,1775.0,0.0,0.0,0
GRID,490,0,1770.0,0.0,0.0,0
GRID,491,0,1765.0,0.0,0.0,0
GRID,492,0,1760.0,0.0,0.0,0
GRID,493,0,1755.0,0.0,0.0,0
GRID,494,0,1750.0,0.0,0.0,0
GRID,495,0,1745.0,0.0,0.0,0
GRID,496,0,1740.0,0.0,0.0,0
GRID,497,0,1735.0,0.0,0.0,0
GRID,498,0,1730.0,0.0,0.0,0
GRID,499,0,1725.0,0.0,0.0,0
GRID,500,0,1720.0,0.0,0.0,0
GRID,501,0,1715.0,0.0,0.0,0
GRID,502,0,1710.0,0.0,0.0,0
GRID,503,0,1705.0,0.0,0.0,0
GRID,504,0,1700.0,0.0,0.0,0
GRID,505,0,1695.0,0.0,0.0,0
GRID,506,0,1690.0,0.0,0.0,0
GRID,507,0,1685.0,0.0,0.0,0
GRID,508,0,1680.0,0.0,0.0,0
GRID,509,0,1675.0,0.0,0.0,0
GRID,510,0,1670.0,0.0,0.0,0
GRID,511,0,1665.0,0.0,0.0,0
GRID,512,0,1660.0,0.0,0.0,0
GRID,513,0,1655.0,0.0,0.0,0
GRID,514,0,1650.0,0.0,0.0,0
GRID,515,0,1645.0,0.0,0.0,0
GRID,516,0,1640.0,0.0,0.0,0
GRID,517,0,1635.0,0.0,0.0,0
GRID,518,0,1630.0,0.0,0.0,0
GRID,519,0,1625.0,0.0,0.0,0
GRID,520,0,1620.0,0.0,0.0,0
GRID,521,0,1615.0,0.0,0.0,0
GRID,522,0,1610.0,0.0,0.0,0
GRID,523,0,1605.0,0.0,0.0,0
GRID,524,0,1600.0,0.0,0.0,0
GRID,525,0,1595.0,0.0,0.0,0
GRID,526,0,1590.0,0.0,0.0,0
GRID,527,0,1585.0,0.0,0.0,0
GRID,528,0,1580.0,0.0,0.0,0
GRID,529,0,1575.0,0.0,0.0,0
GRID,530,0,1570.0,0.0,0.0,0
GRID,531,0,1565.0,0.0,0.0,0
GRID,532,0,1560.0,0.0,0.0,0
GRID,533,0,1555.0,0.0,0.0,0
GRID,534,0,1550.0,0.0,0.0,0
GRID,535,0,1545.0,0.0,0.0,0
GRID,536,0,1540.0,0.0,0.0,0
GRID,537,0,1535.0,0.0,0.0,0
GRID,538,0,1530.0,0.0,0.0,0
GRID,539,0,1525.0,0.0,0.0,0
GRID,540,0,1520.0,0.0,0.0,0
GRID,541,0,1515.0,0.0,0.0,0
GRID,542,0,1510.0,0.0,0.0,0
GRID,543,0,1505.0,0.0,0.0,0
GRID,544,0,1500.0,0.0,0.0,0
GRID,545,0,1495.0,0.0,0.0,0
GRID,546,0,1490.0,0.0,0.0,0
GRID,547,0,1485.0,0.0,0.0,0
GRID,548,0,1480.0,0.0,0.0,0
GRID,549,0,1475.0,0.0,0.0,0
GRID,550,0,1470.0,0.0,0.0,0
GRID,551,0,1465.0,0.0,0.0,0
GRID,552,0,1460.0,0.0,0.0,0
GRID,553,0,1455.0,0.0,0.0,0
GRID,554,0,1450.0,0.0,0.0,0
GRID,555,0,1445.0,0.0,0.0,0
GRID,556,0,1440.0,0.0,0.0,0
GRID,557,0,1435.0,0.0,0.0,0
GRID,558,0,1430.0,0.0,0.0,0
GRID,559,0,1425.0,0.0,0.0,0
GRID,560,0,1420.0,0.0,0.0,0
GRID,561,0,1415.0,0.0,0.0,0
GRID,562,0,1410.0,0.0,0.0,0
GRID,563,0,1405.0,0.0,0.0,0
GRID,564,0,2000.0,0.0,500.0,0
GRID,565,0,2000.0,0.0,495.0,0
GRID,566,0,2000.0,0.0,490.0,0
GRID,567,0,2000.0,0.0,485.0,0
GRID,568,0,2000.0,0.0,480.0,0
GRID,569,0,2000.0,0.0,475.0,0
GRID,570,0,2000.0,0.0,470.0,0
GRID,571,0,2000.0,0.0,465.0,0
GRID,572,0,2000.0,0.0,460.0,0
GRID,573,0,2000.0,0.0,455.0,0
GRID,574,0,2000.0,0.0,450.0,0
GRID,575,0,2000.0,0.0,445.0,0
GRID,576,0,2000.0,0.0,440.0,0
GRID,577,0,2000.0,0.0,435.0,0
GRID,578,0,2000.0,0.0,430.0,0
GRID,579,0,2000.0,0.0,425.0,0
GRID,580,0,2000.0,0.0,420.0,0
GRID,581,0,2000.0,0.0,415.0,0
GRID,582,0,2000.0,0.0,410.0,0
GRID,583,0,2000.0,0.0,405.0,0
GRID,584,0,2000.0,0.0,400.0,0
GRID,585,0,2000.0,0.0,395.0,0
GRID,586,0,2000.0,0.0,390.0,0
GRID,587,0,2000.0,0.0,385.0,0
GRID,588,0,2000.0,0.0,380.0,0
GRID,589,0,2000.0,0.0,375.0,0
GRID,590,0,2000.0,0.0,370.0,0
GRID,591,0,2000.0,0.0,365.0,0
GRID,592,0,2000.0,0.0,360.0,0
GRID,593,0,2000.0,0.0,355.0,0
GRID,594,0,2000.0,0.0,350.0,0
GRID,595,0,2000.0,0.0,345.0,0
GRID,596,0,2000.0,0.0,340.0,0
GRID,597,0,2000.0,0.0,335.0,0
GRID,598,0,2000.0,0.0,330.0,0
GRID,599,0,2000.0,0.0,325.0,0
GRID,600,0,2000.0,0.0,320.0,0
GRID,601,0,2000.0,0.0,315.0,0
GRID,602,0,2000.0,0.0,310.0,0
GRID,603,0,2000.0,0.0,305.0,0
GRID,604,0,2000.0,0.0,300.0,0
GRID,605,0,2000.0,0.0,295.0,0
GRID,606,0,2000.0,0.0,290.0,0
GRID,607,0,2000.0,0.0,285.0,0
GRID,608,0,2000.0,0.0,280.0,0
GRID,609,0,2000.0,0.0,275.0,0
GRID,610,0,2000.0,0.0,270.0,0
GRID,611,0,2000.0,0.0,265.0,0
GRID,612,0,2000.0,0.0,260.0,0
GRID,613,0,2000.0,0.0,255.0,0
GRID,614,0,2000.0,0.0,250.0,0
GRID,615,0,2000.0,0.0,245.0,0
GRID,616,0,2000.0,0.0,240.0,0
GRID,617,0,2000.0,0.0,235.0,0
GRID,618,0,2000.0,0.0,230.0,0
GRID,619,0,2000.0,0.0,225.0,0
GRID,620,0,2000.0,0.0,220.0,0
GRID,621,0,2000.0,0.0,215.0,0
GRID,622,0,2000.0,0.0,210.0,0
GRID,623,0,2000.0,0.0,205.0,0
GRID,624,0,2000.0,0.0,200.0,0
GRID,625,0,2000.0,0.0,195.0,0
GRID,626,0,2000.0,0.0,190.0,0
GRID,627,0,2000.0,0.0,185.0,0
GRID,628,0,2000.0,0.0,180.0,0
GRID,629,0,2000.0,0.0,175.0,0
GRID,630,0,2000.0,0.0,170.0,0
GRID,631,0,2000.0,0.0,165.0,0
GRID,632,0,2000.0,0.0,160.0,0
GRID,633,0,2000.0,0.0,155.0,0
GRID,634,0,2000.0,0.0,150.0,0
GRID,635,0,2000.0,0.0,145.0,0
GRID,636,0,2000.0,0.0,140.0,0
GRID,637,0,2000.0,0.0,135.0,0
GRID,638,0,2000.0,0.0,130.0,0
GRID,639,0,2000.0,0.0,125.0,0
GRID,640,0,2000.0,0.0,120.0,0
GRID,641,0,2000.0,0.0,115.0,0
GRID,642,0,2000.0,0.0,110.0,0
GRID,643,0,2000.0,0.0,105.0,0
GRID,644,0,2000.0,0.0,100.0,0
GRID,645,0,2000.0,0.0,95.0,0
GRID,646,0,2000.0,0.0,90.0,0
GRID,647,0,2000.0,0.0,85.0,0
GRID,648,0,2000.0,0.0,80.0,0
GRID,649,0,2000.0,0.0,75.0,0
GRID,650,0,2000.0,0.0,70.0,0
GRID,651,0,2000.0,0.0,65.0,0
GRID,652,0,2000.0,0.0,60.0,0
GRID,653,0,2000.0,0.0,55.0,0
GRID,654,0,2000.0,0.0,50.0,0
GRID,655,0,2000.0,0.0,45.0,0
GRID,656,0,2000.0,0.0,40.0,0
GRID,657,0,2000.0,0.0,35.0,0
GRID,658,0,2000.0,0.0,30.0,0
GRID,659,0,2000.0,0.0,25.0,0
GRID,660,0,2000.0,0.0,20.0,0
GRID,661,0,2000.0,0.0,15.0,0
GRID,662,0,2000.0,0.0,10.0,0
GRID,663,0,2000.0,0.0,5.0,0
GRID,664,0,2000.0,0.0,600.0,0
GRID,665,0,2000.0,0.0,595.0,0
GRID,666,0,2000.0,0.0,590.0,0
GRID,667,0,2000.0,0.0,585.0,0
GRID,668,0,2000.0,0.0,580.0,0
GRID,669,0,2000.0,0.0,575.0,0
GRID,670,0,2000.0,0.0,570.0,0
GRID,671,0,2000.0,0.0,565.0,0
GRID,672,0,2000.0,0.0,560.0,0
GRID,673,0,2000.0,0.0,555.0,0
GRID,674,0,2000.0,0.0,550.0,0
GRID,675,0,2000.0,0.0,545.0,0
GRID,676,0,2000.0,0.0,540.0,0
GRID,677,0,2000.0,0.0,535.0,0
GRID,678,0,2000.0,0.0,530.0,0
GRID,679,0,2000.0,0.0,525.0,0
GRID,680,0,2000.0,0.0,520.0,0
GRID,681,0,2000.0,0.0,515.0,0
GRID,682,0,2000.0,0.0,510.0,0
GRID,683,0,2000.0,0.0,505.0,0
$*
$* ELEMENT CARDS
$*
$*  Mesh Collector: Plotel Collector(1)
$*  Mesh: 1d_mesh(1)
PLOTEL,1,21,20
PLOTEL,2,20,19
PLOTEL,3,19,18
PLOTEL,4,18,17
PLOTEL,5,17,16
PLOTEL,6,16,15
PLOTEL,7,15,14
PLOTEL,8,14,13
PLOTEL,9,13,12
PLOTEL,10,12,11
PLOTEL,11,11,10
PLOTEL,12,10,9
PLOTEL,13,9,8
PLOTEL,14,8,7
PLOTEL,15,7,6
PLOTEL,16,6,5
PLOTEL,17,5,4
PLOTEL,18,4,3
PLOTEL,19,3,2
PLOTEL,20,2,1
PLOTEL,21,1,121
PLOTEL,22,121,120
PLOTEL,23,120,119
PLOTEL,24,119,118
PLOTEL,25,118,117
PLOTEL,26,117,116
PLOTEL,27,116,115
PLOTEL,28,115,114
PLOTEL,29,114,113
PLOTEL,30,113,112
PLOTEL,31,112,111
PLOTEL,32,111,110
PLOTEL,33,110,109
PLOTEL,34,109,108
PLOTEL,35,108,107
PLOTEL,36,107,106
PLOTEL,37,106,105
PLOTEL,38,105,104
PLOTEL,39,104,103
PLOTEL,40,103,102
PLOTEL,41,102,101
PLOTEL,42,101,100
PLOTEL,43,100,99
PLOTEL,44,99,98
PLOTEL,45,98,97
PLOTEL,46,97,96
PLOTEL,47,96,95
PLOTEL,48,95,94
PLOTEL,49,94,93
PLOTEL,50,93,92
PLOTEL,51,92,91
PLOTEL,52,91,90
PLOTEL,53,90,89
PLOTEL,54,89,88
PLOTEL,55,88,87
PLOTEL,56,87,86
PLOTEL,57,86,85
PLOTEL,58,85,84
PLOTEL,59,84,83
PLOTEL,60,83,82
PLOTEL,61,82,81
PLOTEL,62,81,80
PLOTEL,63,80,79
PLOTEL,64,79,78
PLOTEL,65,78,77
PLOTEL,66,77,76
PLOTEL,67,76,75
PLOTEL,68,75,74
PLOTEL,69,74,73
PLOTEL,70,73,72
PLOTEL,71,72,71
PLOTEL,72,71,70
PLOTEL,73,70,69
PLOTEL,74,69,68
PLOTEL,75,68,67
PLOTEL,76,67,66
PLOTEL,77,66,65
PLOTEL,78,65,64
PLOTEL,79,64,63
PLOTEL,80,63,62
PLOTEL,81,62,61
PLOTEL,82,61,60
PLOTEL,83,60,59
PLOTEL,84,59,58
PLOTEL,85,58,57
PLOTEL,86,57,56
PLOTEL,87,56,55
PLOTEL,88,55,54
PLOTEL,89,54,53
PLOTEL,90,53,52
PLOTEL,91,52,51
PLOTEL,92,51,50
PLOTEL,93,50,49
PLOTEL,94,49,48
PLOTEL,95,48,47
PLOTEL,96,47,46
PLOTEL,97,46,45
PLOTEL,98,45,44
PLOTEL,99,44,43
PLOTEL,100,43,42
PLOTEL,101,42,41
PLOTEL,102,41,40
PLOTEL,103,40,39
PLOTEL,104,39,38
PLOTEL,105,38,37
PLOTEL,106,37,36
PLOTEL,107,36,35
PLOTEL,108,35,34
PLOTEL,109,34,33
PLOTEL,110,33,32
PLOTEL,111,32,31
PLOTEL,112,31,30
PLOTEL,113,30,29
PLOTEL,114,29,28
PLOTEL,115,28,27
PLOTEL,116,27,26
PLOTEL,117,26,25
PLOTEL,118,25,24
PLOTEL,119,24,23
PLOTEL,120,23,22
PLOTEL,121,22,241
PLOTEL,122,241,240
PLOTEL,123,240,239
PLOTEL,124,239,238
PLOTEL,125,238,237
PLOTEL,126,237,236
PLOTEL,127,236,235
PLOTEL,128,235,234
PLOTEL,129,234,233
PLOTEL,130,233,232
PLOTEL,131,232,231
PLOTEL,132,231,230
PLOTEL,133,230,229
PLOTEL,134,229,228
PLOTEL,135,228,227
PLOTEL,136,227,226
PLOTEL,137,226,225
PLOTEL,138,225,224
PLOTEL,139,224,223
PLOTEL,140,223,222
PLOTEL,141,222,221
PLOTEL,142,221,220
PLOTEL,143,220,219
PLOTEL,144,219,218
PLOTEL,145,218,217
PLOTEL,146,217,216
PLOTEL,147,216,215
PLOTEL,148,215,214
PLOTEL,149,214,213
PLOTEL,150,213,212
PLOTEL,151,212,211
PLOTEL,152,211,210
PLOTEL,153,210,209
PLOTEL,154,209,208
PLOTEL,155,208,207
PLOTEL,156,207,206
PLOTEL,157,206,205
PLOTEL,158,205,204
PLOTEL,159,204,203
PLOTEL,160,203,202
PLOTEL,161,202,201
PLOTEL,162,201,200
PLOTEL,163,200,199
PLOTEL,164,199,198
PLOTEL,165,198,197
PLOTEL,166,197,196
PLOTEL,167,196,195
PLOTEL,168,195,194
PLOTEL,169,194,193
PLOTEL,170,193,192
PLOTEL,171,192,191
PLOTEL,172,191,190
PLOTEL,173,190,189
PLOTEL,174,189,188
PLOTEL,175,188,187
PLOTEL,176,187,186
PLOTEL,177,186,185
PLOTEL,178,185,184
PLOTEL,179,184,183
PLOTEL,180,183,182
PLOTEL,181,182,181
PLOTEL,182,181,180
PLOTEL,183,180,179
PLOTEL,184,179,178
PLOTEL,185,178,177
PLOTEL,186,177,176
PLOTEL,187,176,175
PLOTEL,188,175,174
PLOTEL,189,174,173
PLOTEL,190,173,172
PLOTEL,191,172,171
PLOTEL,192,171,170
PLOTEL,193,170,169
PLOTEL,194,169,168
PLOTEL,195,168,167
PLOTEL,196,167,166
PLOTEL,197,166,165
PLOTEL,198,165,164
PLOTEL,199,164,163
PLOTEL,200,163,162
PLOTEL,201,162,161
PLOTEL,202,161,160
PLOTEL,203,160,159
PLOTEL,204,159,158
PLOTEL,205,158,157
PLOTEL,206,157,156
PLOTEL,207,156,155
PLOTEL,208,155,154
PLOTEL,209,154,153
PLOTEL,210,153,152
PLOTEL,211,152,151
PLOTEL,212,151,150
PLOTEL,213,150,149
PLOTEL,214,149,148
PLOTEL,215,148,147
PLOTEL,216,147,146
PLOTEL,217,146,145
PLOTEL,218,145,144
PLOTEL,219,144,143
PLOTEL,220,143,142
PLOTEL,221,142,141
PLOTEL,222,141,140
PLOTEL,223,140,139
PLOTEL,224,139,138
PLOTEL,225,138,137
PLOTEL,226,137,136
PLOTEL,227,136,135
PLOTEL,228,135,134
PLOTEL,229,134,133
PLOTEL,230,133,132
PLOTEL,231,132,131
PLOTEL,232,131,130
PLOTEL,233,130,129
PLOTEL,234,129,128
PLOTEL,235,128,127
PLOTEL,236,127,126
PLOTEL,237,126,125
PLOTEL,238,125,124
PLOTEL,239,124,123
PLOTEL,240,123,122
PLOTEL,241,122,271
PLOTEL,242,271,270
PLOTEL,243,270,269
PLOTEL,244,269,268
PLOTEL,245,268,267
PLOTEL,246,267,266
PLOTEL,247,266,265
PLOTEL,248,265,264
PLOTEL,249,264,263
PLOTEL,250,263,262
PLOTEL,251,262,261
PLOTEL,252,261,260
PLOTEL,253,260,259
PLOTEL,254,259,258
PLOTEL,255,258,257
PLOTEL,256,257,256
PLOTEL,257,256,255
PLOTEL,258,255,254
PLOTEL,259,254,253
PLOTEL,260,253,252
PLOTEL,261,252,251
PLOTEL,262,251,250
PLOTEL,263,250,249
PLOTEL,264,249,248
PLOTEL,265,248,247
PLOTEL,266,247,246
PLOTEL,267,246,245
PLOTEL,268,245,244
PLOTEL,269,244,243
PLOTEL,270,243,242
PLOTEL,271,242,342
PLOTEL,272,342,341
PLOTEL,273,341,340
PLOTEL,274,340,339
PLOTEL,275,339,338
PLOTEL,276,338,337
PLOTEL,277,337,336
PLOTEL,278,336,335
PLOTEL,279,335,334
PLOTEL,280,334,333
PLOTEL,281,333,332
PLOTEL,282,332,331
PLOTEL,283,331,330
PLOTEL,284,330,329
PLOTEL,285,329,328
PLOTEL,286,328,327
PLOTEL,287,327,326
PLOTEL,288,326,325
PLOTEL,289,325,324
PLOTEL,290,324,323
PLOTEL,291,323,322
PLOTEL,292,322,321
PLOTEL,293,321,320
PLOTEL,294,320,319
PLOTEL,295,319,318
PLOTEL,296,318,317
PLOTEL,297,317,316
PLOTEL,298,316,315
PLOTEL,299,315,314
PLOTEL,300,314,313
PLOTEL,301,313,312
PLOTEL,302,312,311
PLOTEL,303,311,310
PLOTEL,304,310,309
PLOTEL,305,309,308
PLOTEL,306,308,307
PLOTEL,307,307,306
PLOTEL,308,306,305
PLOTEL,309,305,304
PLOTEL,310,304,303
PLOTEL,311,303,302
PLOTEL,312,302,301
PLOTEL,313,301,300
PLOTEL,314,300,299
PLOTEL,315,299,298
PLOTEL,316,298,297
PLOTEL,317,297,296
PLOTEL,318,296,295
PLOTEL,319,295,294
PLOTEL,320,294,293
PLOTEL,321,293,292
PLOTEL,322,292,291
PLOTEL,323,291,290
PLOTEL,324,290,289
PLOTEL,325,289,288
PLOTEL,326,288,287
PLOTEL,327,287,286
PLOTEL,328,286,285
PLOTEL,329,285,284
PLOTEL,330,284,283
PLOTEL,331,283,282
PLOTEL,332,282,281
PLOTEL,333,281,280
PLOTEL,334,280,279
PLOTEL,335,279,278
PLOTEL,336,278,277
PLOTEL,337,277,276
PLOTEL,338,276,275
PLOTEL,339,275,274
PLOTEL,340,274,273
PLOTEL,341,273,272
PLOTEL,342,272,413
PLOTEL,343,413,412
PLOTEL,344,412,411
PLOTEL,345,411,410
PLOTEL,346,410,409
PLOTEL,347,409,408
PLOTEL,348,408,407
PLOTEL,349,407,406
PLOTEL,350,406,405
PLOTEL,351,405,404
PLOTEL,352,404,403
PLOTEL,353,403,402
PLOTEL,354,402,401
PLOTEL,355,401,400
PLOTEL,356,400,399
PLOTEL,357,399,398
PLOTEL,358,398,397
PLOTEL,359,397,396
PLOTEL,360,396,395
PLOTEL,361,395,394
PLOTEL,362,394,393
PLOTEL,363,393,392
PLOTEL,364,392,391
PLOTEL,365,391,390
PLOTEL,366,390,389
PLOTEL,367,389,388
PLOTEL,368,388,387
PLOTEL,369,387,386
PLOTEL,370,386,385
PLOTEL,371,385,384
PLOTEL,372,384,383
PLOTEL,373,383,382
PLOTEL,374,382,381
PLOTEL,375,381,380
PLOTEL,376,380,379
PLOTEL,377,379,378
PLOTEL,378,378,377
PLOTEL,379,377,376
PLOTEL,380,376,375
PLOTEL,381,375,374
PLOTEL,382,374,373
PLOTEL,383,373,372
PLOTEL,384,372,371
PLOTEL,385,371,370
PLOTEL,386,370,369
PLOTEL,387,369,368
PLOTEL,388,368,367
PLOTEL,389,367,366
PLOTEL,390,366,365
PLOTEL,391,365,364
PLOTEL,392,364,363
PLOTEL,393,363,362
PLOTEL,394,362,361
PLOTEL,395,361,360
PLOTEL,396,360,359
PLOTEL,397,359,358
PLOTEL,398,358,357
PLOTEL,399,357,356
PLOTEL,400,356,355
PLOTEL,401,355,354
PLOTEL,402,354,353
PLOTEL,403,353,352
PLOTEL,404,352,351
PLOTEL,405,351,350
PLOTEL,406,350,349
PLOTEL,407,349,348
PLOTEL,408,348,347
PLOTEL,409,347,346
PLOTEL,410,346,345
PLOTEL,411,345,344
PLOTEL,412,344,343
PLOTEL,413,343,443
PLOTEL,414,443,442
PLOTEL,415,442,441
PLOTEL,416,441,440
PLOTEL,417,440,439
PLOTEL,418,439,438
PLOTEL,419,438,437
PLOTEL,420,437,436
PLOTEL,421,436,435
PLOTEL,422,435,434
PLOTEL,423,434,433
PLOTEL,424,433,432
PLOTEL,425,432,431
PLOTEL,426,431,430
PLOTEL,427,430,429
PLOTEL,428,429,428
PLOTEL,429,428,427
PLOTEL,430,427,426
PLOTEL,431,426,425
PLOTEL,432,425,424
PLOTEL,433,424,423
PLOTEL,434,423,422
PLOTEL,435,422,421
PLOTEL,436,421,420
PLOTEL,437,420,419
PLOTEL,438,419,418
PLOTEL,439,418,417
PLOTEL,440,417,416
PLOTEL,441,416,415
PLOTEL,442,415,414
PLOTEL,443,414,563
PLOTEL,444,563,562
PLOTEL,445,562,561
PLOTEL,446,561,560
PLOTEL,447,560,559
PLOTEL,448,559,558
PLOTEL,449,558,557
PLOTEL,450,557,556
PLOTEL,451,556,555
PLOTEL,452,555,554
PLOTEL,453,554,553
PLOTEL,454,553,552
PLOTEL,455,552,551
PLOTEL,456,551,550
PLOTEL,457,550,549
PLOTEL,458,549,548
PLOTEL,459,548,547
PLOTEL,460,547,546
PLOTEL,461,546,545
PLOTEL,462,545,544
PLOTEL,463,544,543
PLOTEL,464,543,542
PLOTEL,465,542,541
PLOTEL,466,541,540
PLOTEL,467,540,539
PLOTEL,468,539,538
PLOTEL,469,538,537
PLOTEL,470,537,536
PLOTEL,471,536,535
PLOTEL,472,535,534
PLOTEL,473,534,533
PLOTEL,474,533,532
PLOTEL,475,532,531
PLOTEL,476,531,530
PLOTEL,477,530,529
PLOTEL,478,529,528
PLOTEL,479,528,527
PLOTEL,480,527,526
PLOTEL,481,526,525
PLOTEL,482,525,524
PLOTEL,483,524,523
PLOTEL,484,523,522
PLOTEL,485,522,521
PLOTEL,486,521,520
PLOTEL,487,520,519
PLOTEL,488,519,518
PLOTEL,489,518,517
PLOTEL,490,517,516
PLOTEL,491,516,515
PLOTEL,492,515,514
PLOTEL,493,514,513
PLOTEL,494,513,512
PLOTEL,495,512,511
PLOTEL,496,511,510
PLOTEL,497,510,509
PLOTEL,498,509,508
PLOTEL,499,508,507
PLOTEL,500,507,506
PLOTEL,501,506,505
PLOTEL,502,505,504
PLOTEL,503,504,503
PLOTEL,504,503,502
PLOTEL,505,502,501
PLOTEL,506,501,500
PLOTEL,507,500,499
PLOTEL,508,499,498
PLOTEL,509,498,497
PLOTEL,510,497,496
PLOTEL,511,496,495
PLOTEL,512,495,494
PLOTEL,513,494,493
PLOTEL,514,493,492
PLOTEL,515,492,491
PLOTEL,516,491,490
PLOTEL,517,490,489
PLOTEL,518,489,488
PLOTEL,519,488,487
PLOTEL,520,487,486
PLOTEL,521,486,485
PLOTEL,522,485,484
PLOTEL,523,484,483
PLOTEL,524,483,482
PLOTEL,525,482,481
PLOTEL,526,481,480
PLOTEL,527,480,479
PLOTEL,528,479,478
PLOTEL,529,478,477
PLOTEL,530,477,476
PLOTEL,531,476,475
PLOTEL,532,475,474
PLOTEL,533,474,473
PLOTEL,534,473,472
PLOTEL,535,472,471
PLOTEL,536,471,470
PLOTEL,537,470,469
PLOTEL,538,469,468
PLOTEL,539,468,467
PLOTEL,540,467,466
PLOTEL,541,466,465
PLOTEL,542,465,464
PLOTEL,543,464,463
PLOTEL,544,463,462
PLOTEL,545,462,461
PLOTEL,546,461,460
PLOTEL,547,460,459
PLOTEL,548,459,458
PLOTEL,549,458,457
PLOTEL,550,457,456
PLOTEL,551,456,455
PLOTEL,552,455,454
PLOTEL,553,454,453
PLOTEL,554,453,452
PLOTEL,555,452,451
PLOTEL,556,451,450
PLOTEL,557,450,449
PLOTEL,558,449,448
PLOTEL,559,448,447
PLOTEL,560,447,446
PLOTEL,561,446,445
PLOTEL,562,445,444
PLOTEL,563,444,663
PLOTEL,564,663,662
PLOTEL,565,662,661
PLOTEL,566,661,660
PLOTEL,567,660,659
PLOTEL,568,659,658
PLOTEL,569,658,657
PLOTEL,570,657,656
PLOTEL,571,656,655
PLOTEL,572,655,654
PLOTEL,573,654,653
PLOTEL,574,653,652
PLOTEL,575,652,651
PLOTEL,576,651,650
PLOTEL,577,650,649
PLOTEL,578,649,648
PLOTEL,579,648,647
PLOTEL,580,647,646
PLOTEL,581,646,645
PLOTEL,582,645,644
PLOTEL,583,644,643
PLOTEL,584,643,642
PLOTEL,585,642,641
PLOTEL,586,641,640
PLOTEL,587,640,639
PLOTEL,588,639,638
PLOTEL,589,638,637
PLOTEL,590,637,636
PLOTEL,591,636,635
PLOTEL,592,635,634
PLOTEL,593,634,633
PLOTEL,594,633,632
PLOTEL,595,632,631
PLOTEL,596,631,630
PLOTEL,597,630,629
PLOTEL,598,629,628
PLOTEL,599,628,627
PLOTEL,600,627,626
PLOTEL,601,626,625
PLOTEL,602,625,624
PLOTEL,603,624,623
PLOTEL,604,623,622
PLOTEL,605,622,621
PLOTEL,606,621,620
PLOTEL,607,620,619
PLOTEL,608,619,618
PLOTEL,609,618,617
PLOTEL,610,617,616
PLOTEL,611,616,615
PLOTEL,612,615,614
PLOTEL,613,614,613
PLOTEL,614,613,612
PLOTEL,615,612,611
PLOTEL,616,611,610
PLOTEL,617,610,609
PLOTEL,618,609,608
PLOTEL,619,608,607
PLOTEL,620,607,606
PLOTEL,621,606,605
PLOTEL,622,605,604
PLOTEL,623,604,603
PLOTEL,624,603,602
PLOTEL,625,602,601
PLOTEL,626,601,600
PLOTEL,627,600,599
PLOTEL,628,599,598
PLOTEL,629,598,597
PLOTEL,630,597,596
PLOTEL,631,596,595
PLOTEL,632,595,594
PLOTEL,633,594,593
PLOTEL,634,593,592
PLOTEL,635,592,591
PLOTEL,636,591,590
PLOTEL,637,590,589
PLOTEL,638,589,588
PLOTEL,639,588,587
PLOTEL,640,587,586
PLOTEL,641,586,585
PLOTEL,642,585,584
PLOTEL,643,584,583
PLOTEL,644,583,582
PLOTEL,645,582,581
PLOTEL,646,581,580
PLOTEL,647,580,579
PLOTEL,648,579,578
PLOTEL,649,578,577
PLOTEL,650,577,576
PLOTEL,651,576,575
PLOTEL,652,575,574
PLOTEL,653,574,573
PLOTEL,654,573,572
PLOTEL,655,572,571
PLOTEL,656,571,570
PLOTEL,657,570,569
PLOTEL,658,569,568
PLOTEL,659,568,567
PLOTEL,660,567,566
PLOTEL,661,566,565
PLOTEL,662,565,564
PLOTEL,663,564,683
PLOTEL,664,683,682
PLOTEL,665,682,681
PLOTEL,666,681,680
PLOTEL,667,680,679
PLOTEL,668,679,678
PLOTEL,669,678,677
PLOTEL,670,677,676
PLOTEL,671,676,675
PLOTEL,672,675,674
PLOTEL,673,674,673
PLOTEL,674,673,672
PLOTEL,675,672,671
PLOTEL,676,671,670
PLOTEL,677,670,669
PLOTEL,678,669,668
PLOTEL,679,668,667
PLOTEL,680,667,666
PLOTEL,681,666,665
PLOTEL,682,665,664
ENDDATA
