$*$$$$$$$$$$$$$$$$$$$$$$$$$$$$$$$$$$$$$$$$$$$$$$$$$$$$$$$$$$$$$$$$$
$*
$*                    Simcenter v2206.0.0.6002 Translator
$*                    for Simcenter Nastran version 2206.0
$*
$*             FEM FILE: C:\Users\boregopt\OneDrive - University of Cincinnati\Research\Research Update\April 2024\PeriodicCylinderArray_fem1.fem
$*             SIM FILE: Unknown
$*        ANALYSIS TYPE: Structural
$*
$*    SOLVER INPUT FILE: bulkBdry1D.dat
$*        CREATION DATE: 18-Apr-2024
$*        CREATION TIME: 13:52:04
$*             HOSTNAME: PARIK7820
$*      NASTRAN LICENSE: Enterprise
$*
$*                UNITS: mm (milli-newton)
$*                      ... LENGTH : mm
$*                      ... TIME   : sec
$*                      ... MASS   : kilogram (kg)
$*                      ... TEMPERATURE : deg Celsius
$*                      ... FORCE  : milli-newton
$*                      ... THERMAL ENERGY : mN-mm (micro-joule)
$*
$* IMPORTANT NOTE:
$*     This banner was generated by Simcenter and altering this 
$*     information may compromise the pre and post processing of results
$*
$*$$$$$$$$$$$$$$$$$$$$$$$$$$$$$$$$$$$$$$$$$$$$$$$$$$$$$$$$$$$$$$$$$
$*
$*$$$$$$$$$$$$$$$$$$$$$$$$$$$$$$$$$$$
$*
$* BULK DATA
$*
$*$$$$$$$$$$$$$$$$$$$$$$$$$$$$$$$$$$$
$*
BEGIN BULK
$*
$* GRID CARDS
$*
GRID,1,0,0.0,0.0,4.02E-13,0
GRID,2,0,0.0,0.0,80.0,0
GRID,3,0,120.0,0.0,80.0,0
GRID,4,0,120.0,0.0,3.98E-13,0
GRID,243,0,80.0,0.0,40.0,0
GRID,244,0,79.984,0.0,39.20017,0
GRID,245,0,79.93598,0.0,38.40117,0
GRID,246,0,79.85603,0.0,37.6047,0
GRID,247,0,79.74429,0.0,36.81206,0
GRID,248,0,79.60098,0.0,36.02489,0
GRID,249,0,79.42624,0.0,35.24388,0
GRID,250,0,79.22036,0.0,34.47033,0
GRID,251,0,78.9837,0.0,33.70564,0
GRID,252,0,78.71671,0.0,32.95127,0
GRID,253,0,78.41976,0.0,32.2082,0
GRID,254,0,78.0932,0.0,31.47737,0
GRID,255,0,77.73768,0.0,30.76018,0
GRID,256,0,77.35381,0.0,30.0579,0
GRID,257,0,76.94227,0.0,29.37177,0
GRID,258,0,76.5034,0.0,28.70233,0
GRID,259,0,76.0381,0.0,28.05098,0
GRID,260,0,75.54712,0.0,27.41879,0
GRID,261,0,75.03154,0.0,26.8071,0
GRID,262,0,74.49158,0.0,26.21618,0
GRID,263,0,73.92841,0.0,25.64734,0
GRID,264,0,73.34293,0.0,25.10147,0
GRID,265,0,72.73636,0.0,24.57972,0
GRID,266,0,72.10921,0.0,24.0825,0
GRID,267,0,71.46256,0.0,23.6107,0
GRID,268,0,70.79755,0.0,23.16513,0
GRID,269,0,70.11547,0.0,22.74668,0
GRID,270,0,69.41719,0.0,22.35584,0
GRID,271,0,68.7036,0.0,21.99315,0
GRID,272,0,67.97608,0.0,21.65928,0
GRID,273,0,67.23591,0.0,21.35485,0
GRID,274,0,66.48436,0.0,21.08035,0
GRID,275,0,65.72208,0.0,20.83604,0
GRID,276,0,64.95064,0.0,20.62242,0
GRID,277,0,64.1713,0.0,20.43983,0
GRID,278,0,63.38572,0.0,20.28866,0
GRID,279,0,62.59425,0.0,20.16898,0
GRID,280,0,61.79862,0.0,20.08105,0
GRID,281,0,61.00011,0.0,20.02502,0
GRID,282,0,60.20039,0.0,20.001,0
GRID,283,0,59.40008,0.0,20.00901,0
GRID,284,0,58.60061,0.0,20.04903,0
GRID,285,0,57.80338,0.0,20.121,0
GRID,286,0,57.00993,0.0,20.22478,0
GRID,287,0,56.22125,0.0,20.36022,0
GRID,288,0,55.43838,0.0,20.52717,0
GRID,289,0,54.66281,0.0,20.7253,0
GRID,290,0,53.89594,0.0,20.95425,0
GRID,291,0,53.13904,0.0,21.21364,0
GRID,292,0,52.39279,0.0,21.50325,0
GRID,293,0,51.65872,0.0,21.82246,0
GRID,294,0,50.93805,0.0,22.17078,0
GRID,295,0,50.23227,0.0,22.54745,0
GRID,296,0,49.54173,0.0,22.9523,0
GRID,297,0,48.86793,0.0,23.38445,0
GRID,298,0,48.21196,0.0,23.84321,0
GRID,299,0,47.57519,0.0,24.3276,0
GRID,300,0,46.95809,0.0,24.83728,0
GRID,301,0,46.36179,0.0,25.3713,0
GRID,302,0,45.78733,0.0,25.92876,0
GRID,303,0,45.23584,0.0,26.50854,0
GRID,304,0,44.70794,0.0,27.10998,0
GRID,305,0,44.20439,0.0,27.73223,0
GRID,306,0,43.72614,0.0,28.37412,0
GRID,307,0,43.27404,0.0,29.03449,0
GRID,308,0,42.84882,0.0,29.71229,0
GRID,309,0,42.4509,0.0,30.40685,0
GRID,310,0,42.08108,0.0,31.11677,0
GRID,311,0,41.73998,0.0,31.84087,0
GRID,312,0,41.42828,0.0,32.57766,0
GRID,313,0,41.14615,0.0,33.32677,0
GRID,314,0,40.89422,0.0,34.08656,0
GRID,315,0,40.67288,0.0,34.85582,0
GRID,316,0,40.48261,0.0,35.63293,0
GRID,317,0,40.32351,0.0,36.41733,0
GRID,318,0,40.19592,0.0,37.20757,0
GRID,319,0,40.10003,0.0,38.00228,0
GRID,320,0,40.03604,0.0,38.79989,0
GRID,321,0,40.00401,0.0,39.59951,0
GRID,322,0,40.00401,0.0,40.39998,0
GRID,323,0,40.03603,0.0,41.19981,0
GRID,324,0,40.10001,0.0,41.99754,0
GRID,325,0,40.19583,0.0,42.79193,0
GRID,326,0,40.32342,0.0,43.58217,0
GRID,327,0,40.48252,0.0,44.36667,0
GRID,328,0,40.67287,0.0,45.14411,0
GRID,329,0,40.89406,0.0,45.91295,0
GRID,330,0,41.14599,0.0,46.67275,0
GRID,331,0,41.4281,0.0,47.42186,0
GRID,332,0,41.73996,0.0,48.15909,0
GRID,333,0,42.08088,0.0,48.88285,0
GRID,334,0,42.45065,0.0,49.59271,0
GRID,335,0,42.84857,0.0,50.28727,0
GRID,336,0,43.27395,0.0,50.96536,0
GRID,337,0,43.72595,0.0,51.62563,0
GRID,338,0,44.20407,0.0,52.26738,0
GRID,339,0,44.70762,0.0,52.88963,0
GRID,340,0,45.23565,0.0,53.49125,0
GRID,341,0,45.78719,0.0,54.07111,0
GRID,342,0,46.36141,0.0,54.62836,0
GRID,343,0,46.9577,0.0,55.16239,0
GRID,344,0,47.57488,0.0,55.67214,0
GRID,345,0,48.21189,0.0,56.15675,0
GRID,346,0,48.8675,0.0,56.61528,0
GRID,347,0,49.54129,0.0,57.04743,0
GRID,348,0,50.23183,0.0,57.45229,0
GRID,349,0,50.93801,0.0,57.8292,0
GRID,350,0,51.65832,0.0,58.17736,0
GRID,351,0,52.39232,0.0,58.49656,0
GRID,352,0,53.13856,0.0,58.78617,0
GRID,353,0,53.8958,0.0,59.0457,0
GRID,354,0,54.6625,0.0,59.27462,0
GRID,355,0,55.43788,0.0,59.47272,0
GRID,356,0,56.22075,0.0,59.63967,0
GRID,357,0,57.00967,0.0,59.77518,0
GRID,358,0,57.80317,0.0,59.87898,0
GRID,359,0,58.6001,0.0,59.95094,0
GRID,360,0,59.39957,0.0,59.99097,0
GRID,361,0,60.2,0.0,59.99899,0
GRID,362,0,61.00002,0.0,59.97498,0
GRID,363,0,61.79811,0.0,59.919,0
GRID,364,0,62.59374,0.0,59.83109,0
GRID,365,0,63.38522,0.0,59.71141,0
GRID,366,0,64.17127,0.0,59.56017,0
GRID,367,0,64.95021,0.0,59.37771,0
GRID,368,0,65.7216,0.0,59.16411,0
GRID,369,0,66.48388,0.0,58.9198,0
GRID,370,0,67.23577,0.0,58.6452,0
GRID,371,0,67.97577,0.0,58.34086,0
GRID,372,0,68.70314,0.0,58.00708,0
GRID,373,0,69.41673,0.0,57.64439,0
GRID,374,0,70.11525,0.0,57.25345,0
GRID,375,0,70.79737,0.0,56.83499,0
GRID,376,0,71.46215,0.0,56.38961,0
GRID,377,0,72.1088,0.0,55.9178,0
GRID,378,0,72.73606,0.0,55.42052,0
GRID,379,0,73.34285,0.0,54.8986,0
GRID,380,0,73.92805,0.0,54.35303,0
GRID,381,0,74.49123,0.0,53.78418,0
GRID,382,0,75.03121,0.0,53.19327,0
GRID,383,0,75.54711,0.0,52.58122,0
GRID,384,0,76.03783,0.0,51.9494,0
GRID,385,0,76.50311,0.0,51.29809,0
GRID,386,0,76.94199,0.0,50.62866,0
GRID,387,0,77.35375,0.0,49.94221,0
GRID,388,0,77.73753,0.0,49.24013,0
GRID,389,0,78.09299,0.0,48.5231,0
GRID,390,0,78.41955,0.0,47.79227,0
GRID,391,0,78.71663,0.0,47.04896,0
GRID,392,0,78.98363,0.0,46.29458,0
GRID,393,0,79.22023,0.0,45.53016,0
GRID,394,0,79.42612,0.0,44.75662,0
GRID,395,0,79.6009,0.0,43.97546,0
GRID,396,0,79.74427,0.0,43.18805,0
GRID,397,0,79.85598,0.0,42.39581,0
GRID,398,0,79.93593,0.0,41.59934,0
GRID,399,0,79.98397,0.0,40.80031,0
GRID,400,0,119.2,0.0,3.98E-13,0
GRID,401,0,118.4,0.0,3.98E-13,0
GRID,402,0,117.6,0.0,3.98E-13,0
GRID,403,0,116.8,0.0,3.98E-13,0
GRID,404,0,116.0,0.0,3.98E-13,0
GRID,405,0,115.2,0.0,3.98E-13,0
GRID,406,0,114.4,0.0,3.98E-13,0
GRID,407,0,113.6,0.0,3.98E-13,0
GRID,408,0,112.8,0.0,3.98E-13,0
GRID,409,0,112.0,0.0,3.98E-13,0
GRID,410,0,111.2,0.0,3.98E-13,0
GRID,411,0,110.4,0.0,3.98E-13,0
GRID,412,0,109.6,0.0,3.98E-13,0
GRID,413,0,108.8,0.0,3.98E-13,0
GRID,414,0,108.0,0.0,3.98E-13,0
GRID,415,0,107.2,0.0,3.98E-13,0
GRID,416,0,106.4,0.0,3.98E-13,0
GRID,417,0,105.6,0.0,3.98E-13,0
GRID,418,0,104.8,0.0,3.98E-13,0
GRID,419,0,104.0,0.0,3.99E-13,0
GRID,420,0,103.2,0.0,3.99E-13,0
GRID,421,0,102.4,0.0,3.99E-13,0
GRID,422,0,101.6,0.0,3.99E-13,0
GRID,423,0,100.8,0.0,3.99E-13,0
GRID,424,0,100.0,0.0,3.99E-13,0
GRID,425,0,99.2,0.0,3.99E-13,0
GRID,426,0,98.4,0.0,3.99E-13,0
GRID,427,0,97.6,0.0,3.99E-13,0
GRID,428,0,96.8,0.0,3.99E-13,0
GRID,429,0,96.0,0.0,3.99E-13,0
GRID,430,0,95.2,0.0,3.99E-13,0
GRID,431,0,94.4,0.0,3.99E-13,0
GRID,432,0,93.6,0.0,3.99E-13,0
GRID,433,0,92.8,0.0,3.99E-13,0
GRID,434,0,92.0,0.0,3.99E-13,0
GRID,435,0,91.2,0.0,3.99E-13,0
GRID,436,0,90.4,0.0,3.99E-13,0
GRID,437,0,89.6,0.0,3.99E-13,0
GRID,438,0,88.8,0.0,3.99E-13,0
GRID,439,0,88.0,0.0,3.99E-13,0
GRID,440,0,87.2,0.0,3.99E-13,0
GRID,441,0,86.4,0.0,3.99E-13,0
GRID,442,0,85.6,0.0,3.99E-13,0
GRID,443,0,84.8,0.0,3.99E-13,0
GRID,444,0,84.0,0.0,3.99E-13,0
GRID,445,0,83.2,0.0,3.99E-13,0
GRID,446,0,82.4,0.0,3.99E-13,0
GRID,447,0,81.6,0.0,3.99E-13,0
GRID,448,0,80.8,0.0,3.99E-13,0
GRID,449,0,80.0,0.0,3.99E-13,0
GRID,450,0,79.2,0.0,3.99E-13,0
GRID,451,0,78.4,0.0,3.99E-13,0
GRID,452,0,77.6,0.0,4.0E-13,0
GRID,453,0,76.8,0.0,4.0E-13,0
GRID,454,0,76.0,0.0,4.0E-13,0
GRID,455,0,75.2,0.0,4.0E-13,0
GRID,456,0,74.4,0.0,4.0E-13,0
GRID,457,0,73.6,0.0,4.0E-13,0
GRID,458,0,72.8,0.0,4.0E-13,0
GRID,459,0,72.0,0.0,4.0E-13,0
GRID,460,0,71.2,0.0,4.0E-13,0
GRID,461,0,70.4,0.0,4.0E-13,0
GRID,462,0,69.6,0.0,4.0E-13,0
GRID,463,0,68.8,0.0,4.0E-13,0
GRID,464,0,68.0,0.0,4.0E-13,0
GRID,465,0,67.2,0.0,4.0E-13,0
GRID,466,0,66.4,0.0,4.0E-13,0
GRID,467,0,65.6,0.0,4.0E-13,0
GRID,468,0,64.8,0.0,4.0E-13,0
GRID,469,0,64.0,0.0,4.0E-13,0
GRID,470,0,63.2,0.0,4.0E-13,0
GRID,471,0,62.4,0.0,4.0E-13,0
GRID,472,0,61.6,0.0,4.0E-13,0
GRID,473,0,60.8,0.0,4.0E-13,0
GRID,474,0,60.0,0.0,4.0E-13,0
GRID,475,0,59.2,0.0,4.0E-13,0
GRID,476,0,58.4,0.0,4.0E-13,0
GRID,477,0,57.6,0.0,4.0E-13,0
GRID,478,0,56.8,0.0,4.0E-13,0
GRID,479,0,56.0,0.0,4.0E-13,0
GRID,480,0,55.2,0.0,4.0E-13,0
GRID,481,0,54.4,0.0,4.0E-13,0
GRID,482,0,53.6,0.0,4.0E-13,0
GRID,483,0,52.8,0.0,4.0E-13,0
GRID,484,0,52.0,0.0,4.0E-13,0
GRID,485,0,51.2,0.0,4.01E-13,0
GRID,486,0,50.4,0.0,4.01E-13,0
GRID,487,0,49.6,0.0,4.01E-13,0
GRID,488,0,48.8,0.0,4.01E-13,0
GRID,489,0,48.0,0.0,4.01E-13,0
GRID,490,0,47.2,0.0,4.01E-13,0
GRID,491,0,46.4,0.0,4.01E-13,0
GRID,492,0,45.6,0.0,4.01E-13,0
GRID,493,0,44.8,0.0,4.01E-13,0
GRID,494,0,44.0,0.0,4.01E-13,0
GRID,495,0,43.2,0.0,4.01E-13,0
GRID,496,0,42.4,0.0,4.01E-13,0
GRID,497,0,41.6,0.0,4.01E-13,0
GRID,498,0,40.8,0.0,4.01E-13,0
GRID,499,0,40.0,0.0,4.01E-13,0
GRID,500,0,39.2,0.0,4.01E-13,0
GRID,501,0,38.4,0.0,4.01E-13,0
GRID,502,0,37.6,0.0,4.01E-13,0
GRID,503,0,36.8,0.0,4.01E-13,0
GRID,504,0,36.0,0.0,4.01E-13,0
GRID,505,0,35.2,0.0,4.01E-13,0
GRID,506,0,34.4,0.0,4.01E-13,0
GRID,507,0,33.6,0.0,4.01E-13,0
GRID,508,0,32.8,0.0,4.01E-13,0
GRID,509,0,32.0,0.0,4.01E-13,0
GRID,510,0,31.2,0.0,4.01E-13,0
GRID,511,0,30.4,0.0,4.01E-13,0
GRID,512,0,29.6,0.0,4.01E-13,0
GRID,513,0,28.8,0.0,4.01E-13,0
GRID,514,0,28.0,0.0,4.01E-13,0
GRID,515,0,27.2,0.0,4.01E-13,0
GRID,516,0,26.4,0.0,4.01E-13,0
GRID,517,0,25.6,0.0,4.01E-13,0
GRID,518,0,24.8,0.0,4.02E-13,0
GRID,519,0,24.0,0.0,4.02E-13,0
GRID,520,0,23.2,0.0,4.02E-13,0
GRID,521,0,22.4,0.0,4.02E-13,0
GRID,522,0,21.6,0.0,4.02E-13,0
GRID,523,0,20.8,0.0,4.02E-13,0
GRID,524,0,20.0,0.0,4.02E-13,0
GRID,525,0,19.2,0.0,4.02E-13,0
GRID,526,0,18.4,0.0,4.02E-13,0
GRID,527,0,17.6,0.0,4.02E-13,0
GRID,528,0,16.8,0.0,4.02E-13,0
GRID,529,0,16.0,0.0,4.02E-13,0
GRID,530,0,15.2,0.0,4.02E-13,0
GRID,531,0,14.4,0.0,4.02E-13,0
GRID,532,0,13.6,0.0,4.02E-13,0
GRID,533,0,12.8,0.0,4.02E-13,0
GRID,534,0,12.0,0.0,4.02E-13,0
GRID,535,0,11.2,0.0,4.02E-13,0
GRID,536,0,10.4,0.0,4.02E-13,0
GRID,537,0,9.6,0.0,4.02E-13,0
GRID,538,0,8.8,0.0,4.02E-13,0
GRID,539,0,8.0,0.0,4.02E-13,0
GRID,540,0,7.2,0.0,4.02E-13,0
GRID,541,0,6.4,0.0,4.02E-13,0
GRID,542,0,5.6,0.0,4.02E-13,0
GRID,543,0,4.8,0.0,4.02E-13,0
GRID,544,0,4.0,0.0,4.02E-13,0
GRID,545,0,3.2,0.0,4.02E-13,0
GRID,546,0,2.4,0.0,4.02E-13,0
GRID,547,0,1.6,0.0,4.02E-13,0
GRID,548,0,.8,0.0,4.02E-13,0
GRID,549,0,.8,0.0,80.0,0
GRID,550,0,1.6,0.0,80.0,0
GRID,551,0,2.4,0.0,80.0,0
GRID,552,0,3.2,0.0,80.0,0
GRID,553,0,4.0,0.0,80.0,0
GRID,554,0,4.8,0.0,80.0,0
GRID,555,0,5.6,0.0,80.0,0
GRID,556,0,6.4,0.0,80.0,0
GRID,557,0,7.2,0.0,80.0,0
GRID,558,0,8.0,0.0,80.0,0
GRID,559,0,8.8,0.0,80.0,0
GRID,560,0,9.6,0.0,80.0,0
GRID,561,0,10.4,0.0,80.0,0
GRID,562,0,11.2,0.0,80.0,0
GRID,563,0,12.0,0.0,80.0,0
GRID,564,0,12.8,0.0,80.0,0
GRID,565,0,13.6,0.0,80.0,0
GRID,566,0,14.4,0.0,80.0,0
GRID,567,0,15.2,0.0,80.0,0
GRID,568,0,16.0,0.0,80.0,0
GRID,569,0,16.8,0.0,80.0,0
GRID,570,0,17.6,0.0,80.0,0
GRID,571,0,18.4,0.0,80.0,0
GRID,572,0,19.2,0.0,80.0,0
GRID,573,0,20.0,0.0,80.0,0
GRID,574,0,20.8,0.0,80.0,0
GRID,575,0,21.6,0.0,80.0,0
GRID,576,0,22.4,0.0,80.0,0
GRID,577,0,23.2,0.0,80.0,0
GRID,578,0,24.0,0.0,80.0,0
GRID,579,0,24.8,0.0,80.0,0
GRID,580,0,25.6,0.0,80.0,0
GRID,581,0,26.4,0.0,80.0,0
GRID,582,0,27.2,0.0,80.0,0
GRID,583,0,28.0,0.0,80.0,0
GRID,584,0,28.8,0.0,80.0,0
GRID,585,0,29.6,0.0,80.0,0
GRID,586,0,30.4,0.0,80.0,0
GRID,587,0,31.2,0.0,80.0,0
GRID,588,0,32.0,0.0,80.0,0
GRID,589,0,32.8,0.0,80.0,0
GRID,590,0,33.6,0.0,80.0,0
GRID,591,0,34.4,0.0,80.0,0
GRID,592,0,35.2,0.0,80.0,0
GRID,593,0,36.0,0.0,80.0,0
GRID,594,0,36.8,0.0,80.0,0
GRID,595,0,37.6,0.0,80.0,0
GRID,596,0,38.4,0.0,80.0,0
GRID,597,0,39.2,0.0,80.0,0
GRID,598,0,40.0,0.0,80.0,0
GRID,599,0,40.8,0.0,80.0,0
GRID,600,0,41.6,0.0,80.0,0
GRID,601,0,42.4,0.0,80.0,0
GRID,602,0,43.2,0.0,80.0,0
GRID,603,0,44.0,0.0,80.0,0
GRID,604,0,44.8,0.0,80.0,0
GRID,605,0,45.6,0.0,80.0,0
GRID,606,0,46.4,0.0,80.0,0
GRID,607,0,47.2,0.0,80.0,0
GRID,608,0,48.0,0.0,80.0,0
GRID,609,0,48.8,0.0,80.0,0
GRID,610,0,49.6,0.0,80.0,0
GRID,611,0,50.4,0.0,80.0,0
GRID,612,0,51.2,0.0,80.0,0
GRID,613,0,52.0,0.0,80.0,0
GRID,614,0,52.8,0.0,80.0,0
GRID,615,0,53.6,0.0,80.0,0
GRID,616,0,54.4,0.0,80.0,0
GRID,617,0,55.2,0.0,80.0,0
GRID,618,0,56.0,0.0,80.0,0
GRID,619,0,56.8,0.0,80.0,0
GRID,620,0,57.6,0.0,80.0,0
GRID,621,0,58.4,0.0,80.0,0
GRID,622,0,59.2,0.0,80.0,0
GRID,623,0,60.0,0.0,80.0,0
GRID,624,0,60.8,0.0,80.0,0
GRID,625,0,61.6,0.0,80.0,0
GRID,626,0,62.4,0.0,80.0,0
GRID,627,0,63.2,0.0,80.0,0
GRID,628,0,64.0,0.0,80.0,0
GRID,629,0,64.8,0.0,80.0,0
GRID,630,0,65.6,0.0,80.0,0
GRID,631,0,66.4,0.0,80.0,0
GRID,632,0,67.2,0.0,80.0,0
GRID,633,0,68.0,0.0,80.0,0
GRID,634,0,68.8,0.0,80.0,0
GRID,635,0,69.6,0.0,80.0,0
GRID,636,0,70.4,0.0,80.0,0
GRID,637,0,71.2,0.0,80.0,0
GRID,638,0,72.0,0.0,80.0,0
GRID,639,0,72.8,0.0,80.0,0
GRID,640,0,73.6,0.0,80.0,0
GRID,641,0,74.4,0.0,80.0,0
GRID,642,0,75.2,0.0,80.0,0
GRID,643,0,76.0,0.0,80.0,0
GRID,644,0,76.8,0.0,80.0,0
GRID,645,0,77.6,0.0,80.0,0
GRID,646,0,78.4,0.0,80.0,0
GRID,647,0,79.2,0.0,80.0,0
GRID,648,0,80.0,0.0,80.0,0
GRID,649,0,80.8,0.0,80.0,0
GRID,650,0,81.6,0.0,80.0,0
GRID,651,0,82.4,0.0,80.0,0
GRID,652,0,83.2,0.0,80.0,0
GRID,653,0,84.0,0.0,80.0,0
GRID,654,0,84.8,0.0,80.0,0
GRID,655,0,85.6,0.0,80.0,0
GRID,656,0,86.4,0.0,80.0,0
GRID,657,0,87.2,0.0,80.0,0
GRID,658,0,88.0,0.0,80.0,0
GRID,659,0,88.8,0.0,80.0,0
GRID,660,0,89.6,0.0,80.0,0
GRID,661,0,90.4,0.0,80.0,0
GRID,662,0,91.2,0.0,80.0,0
GRID,663,0,92.0,0.0,80.0,0
GRID,664,0,92.8,0.0,80.0,0
GRID,665,0,93.6,0.0,80.0,0
GRID,666,0,94.4,0.0,80.0,0
GRID,667,0,95.2,0.0,80.0,0
GRID,668,0,96.0,0.0,80.0,0
GRID,669,0,96.8,0.0,80.0,0
GRID,670,0,97.6,0.0,80.0,0
GRID,671,0,98.4,0.0,80.0,0
GRID,672,0,99.2,0.0,80.0,0
GRID,673,0,100.0,0.0,80.0,0
GRID,674,0,100.8,0.0,80.0,0
GRID,675,0,101.6,0.0,80.0,0
GRID,676,0,102.4,0.0,80.0,0
GRID,677,0,103.2,0.0,80.0,0
GRID,678,0,104.0,0.0,80.0,0
GRID,679,0,104.8,0.0,80.0,0
GRID,680,0,105.6,0.0,80.0,0
GRID,681,0,106.4,0.0,80.0,0
GRID,682,0,107.2,0.0,80.0,0
GRID,683,0,108.0,0.0,80.0,0
GRID,684,0,108.8,0.0,80.0,0
GRID,685,0,109.6,0.0,80.0,0
GRID,686,0,110.4,0.0,80.0,0
GRID,687,0,111.2,0.0,80.0,0
GRID,688,0,112.0,0.0,80.0,0
GRID,689,0,112.8,0.0,80.0,0
GRID,690,0,113.6,0.0,80.0,0
GRID,691,0,114.4,0.0,80.0,0
GRID,692,0,115.2,0.0,80.0,0
GRID,693,0,116.0,0.0,80.0,0
GRID,694,0,116.8,0.0,80.0,0
GRID,695,0,117.6,0.0,80.0,0
GRID,696,0,118.4,0.0,80.0,0
GRID,697,0,119.2,0.0,80.0,0
$*
$* ELEMENT CARDS
$*
$*  Mesh Collector: Plotel Collector(1)
$*  Mesh: 1d_mesh(1)
PLOTEL,1,2,1
PLOTEL,2,4,3
$*  Mesh Collector: Plotel Collector(2)
$*  Mesh: 1d_mesh(2)
PLOTEL,400,1,548
PLOTEL,401,548,547
PLOTEL,402,547,546
PLOTEL,403,546,545
PLOTEL,404,545,544
PLOTEL,405,544,543
PLOTEL,406,543,542
PLOTEL,407,542,541
PLOTEL,408,541,540
PLOTEL,409,540,539
PLOTEL,410,539,538
PLOTEL,411,538,537
PLOTEL,412,537,536
PLOTEL,413,536,535
PLOTEL,414,535,534
PLOTEL,415,534,533
PLOTEL,416,533,532
PLOTEL,417,532,531
PLOTEL,418,531,530
PLOTEL,419,530,529
PLOTEL,420,529,528
PLOTEL,421,528,527
PLOTEL,422,527,526
PLOTEL,423,526,525
PLOTEL,424,525,524
PLOTEL,425,524,523
PLOTEL,426,523,522
PLOTEL,427,522,521
PLOTEL,428,521,520
PLOTEL,429,520,519
PLOTEL,430,519,518
PLOTEL,431,518,517
PLOTEL,432,517,516
PLOTEL,433,516,515
PLOTEL,434,515,514
PLOTEL,435,514,513
PLOTEL,436,513,512
PLOTEL,437,512,511
PLOTEL,438,511,510
PLOTEL,439,510,509
PLOTEL,440,509,508
PLOTEL,441,508,507
PLOTEL,442,507,506
PLOTEL,443,506,505
PLOTEL,444,505,504
PLOTEL,445,504,503
PLOTEL,446,503,502
PLOTEL,447,502,501
PLOTEL,448,501,500
PLOTEL,449,500,499
PLOTEL,450,499,498
PLOTEL,451,498,497
PLOTEL,452,497,496
PLOTEL,453,496,495
PLOTEL,454,495,494
PLOTEL,455,494,493
PLOTEL,456,493,492
PLOTEL,457,492,491
PLOTEL,458,491,490
PLOTEL,459,490,489
PLOTEL,460,489,488
PLOTEL,461,488,487
PLOTEL,462,487,486
PLOTEL,463,486,485
PLOTEL,464,485,484
PLOTEL,465,484,483
PLOTEL,466,483,482
PLOTEL,467,482,481
PLOTEL,468,481,480
PLOTEL,469,480,479
PLOTEL,470,479,478
PLOTEL,471,478,477
PLOTEL,472,477,476
PLOTEL,473,476,475
PLOTEL,474,475,474
PLOTEL,475,474,473
PLOTEL,476,473,472
PLOTEL,477,472,471
PLOTEL,478,471,470
PLOTEL,479,470,469
PLOTEL,480,469,468
PLOTEL,481,468,467
PLOTEL,482,467,466
PLOTEL,483,466,465
PLOTEL,484,465,464
PLOTEL,485,464,463
PLOTEL,486,463,462
PLOTEL,487,462,461
PLOTEL,488,461,460
PLOTEL,489,460,459
PLOTEL,490,459,458
PLOTEL,491,458,457
PLOTEL,492,457,456
PLOTEL,493,456,455
PLOTEL,494,455,454
PLOTEL,495,454,453
PLOTEL,496,453,452
PLOTEL,497,452,451
PLOTEL,498,451,450
PLOTEL,499,450,449
PLOTEL,500,449,448
PLOTEL,501,448,447
PLOTEL,502,447,446
PLOTEL,503,446,445
PLOTEL,504,445,444
PLOTEL,505,444,443
PLOTEL,506,443,442
PLOTEL,507,442,441
PLOTEL,508,441,440
PLOTEL,509,440,439
PLOTEL,510,439,438
PLOTEL,511,438,437
PLOTEL,512,437,436
PLOTEL,513,436,435
PLOTEL,514,435,434
PLOTEL,515,434,433
PLOTEL,516,433,432
PLOTEL,517,432,431
PLOTEL,518,431,430
PLOTEL,519,430,429
PLOTEL,520,429,428
PLOTEL,521,428,427
PLOTEL,522,427,426
PLOTEL,523,426,425
PLOTEL,524,425,424
PLOTEL,525,424,423
PLOTEL,526,423,422
PLOTEL,527,422,421
PLOTEL,528,421,420
PLOTEL,529,420,419
PLOTEL,530,419,418
PLOTEL,531,418,417
PLOTEL,532,417,416
PLOTEL,533,416,415
PLOTEL,534,415,414
PLOTEL,535,414,413
PLOTEL,536,413,412
PLOTEL,537,412,411
PLOTEL,538,411,410
PLOTEL,539,410,409
PLOTEL,540,409,408
PLOTEL,541,408,407
PLOTEL,542,407,406
PLOTEL,543,406,405
PLOTEL,544,405,404
PLOTEL,545,404,403
PLOTEL,546,403,402
PLOTEL,547,402,401
PLOTEL,548,401,400
PLOTEL,549,400,4
PLOTEL,550,3,697
PLOTEL,551,697,696
PLOTEL,552,696,695
PLOTEL,553,695,694
PLOTEL,554,694,693
PLOTEL,555,693,692
PLOTEL,556,692,691
PLOTEL,557,691,690
PLOTEL,558,690,689
PLOTEL,559,689,688
PLOTEL,560,688,687
PLOTEL,561,687,686
PLOTEL,562,686,685
PLOTEL,563,685,684
PLOTEL,564,684,683
PLOTEL,565,683,682
PLOTEL,566,682,681
PLOTEL,567,681,680
PLOTEL,568,680,679
PLOTEL,569,679,678
PLOTEL,570,678,677
PLOTEL,571,677,676
PLOTEL,572,676,675
PLOTEL,573,675,674
PLOTEL,574,674,673
PLOTEL,575,673,672
PLOTEL,576,672,671
PLOTEL,577,671,670
PLOTEL,578,670,669
PLOTEL,579,669,668
PLOTEL,580,668,667
PLOTEL,581,667,666
PLOTEL,582,666,665
PLOTEL,583,665,664
PLOTEL,584,664,663
PLOTEL,585,663,662
PLOTEL,586,662,661
PLOTEL,587,661,660
PLOTEL,588,660,659
PLOTEL,589,659,658
PLOTEL,590,658,657
PLOTEL,591,657,656
PLOTEL,592,656,655
PLOTEL,593,655,654
PLOTEL,594,654,653
PLOTEL,595,653,652
PLOTEL,596,652,651
PLOTEL,597,651,650
PLOTEL,598,650,649
PLOTEL,599,649,648
PLOTEL,600,648,647
PLOTEL,601,647,646
PLOTEL,602,646,645
PLOTEL,603,645,644
PLOTEL,604,644,643
PLOTEL,605,643,642
PLOTEL,606,642,641
PLOTEL,607,641,640
PLOTEL,608,640,639
PLOTEL,609,639,638
PLOTEL,610,638,637
PLOTEL,611,637,636
PLOTEL,612,636,635
PLOTEL,613,635,634
PLOTEL,614,634,633
PLOTEL,615,633,632
PLOTEL,616,632,631
PLOTEL,617,631,630
PLOTEL,618,630,629
PLOTEL,619,629,628
PLOTEL,620,628,627
PLOTEL,621,627,626
PLOTEL,622,626,625
PLOTEL,623,625,624
PLOTEL,624,624,623
PLOTEL,625,623,622
PLOTEL,626,622,621
PLOTEL,627,621,620
PLOTEL,628,620,619
PLOTEL,629,619,618
PLOTEL,630,618,617
PLOTEL,631,617,616
PLOTEL,632,616,615
PLOTEL,633,615,614
PLOTEL,634,614,613
PLOTEL,635,613,612
PLOTEL,636,612,611
PLOTEL,637,611,610
PLOTEL,638,610,609
PLOTEL,639,609,608
PLOTEL,640,608,607
PLOTEL,641,607,606
PLOTEL,642,606,605
PLOTEL,643,605,604
PLOTEL,644,604,603
PLOTEL,645,603,602
PLOTEL,646,602,601
PLOTEL,647,601,600
PLOTEL,648,600,599
PLOTEL,649,599,598
PLOTEL,650,598,597
PLOTEL,651,597,596
PLOTEL,652,596,595
PLOTEL,653,595,594
PLOTEL,654,594,593
PLOTEL,655,593,592
PLOTEL,656,592,591
PLOTEL,657,591,590
PLOTEL,658,590,589
PLOTEL,659,589,588
PLOTEL,660,588,587
PLOTEL,661,587,586
PLOTEL,662,586,585
PLOTEL,663,585,584
PLOTEL,664,584,583
PLOTEL,665,583,582
PLOTEL,666,582,581
PLOTEL,667,581,580
PLOTEL,668,580,579
PLOTEL,669,579,578
PLOTEL,670,578,577
PLOTEL,671,577,576
PLOTEL,672,576,575
PLOTEL,673,575,574
PLOTEL,674,574,573
PLOTEL,675,573,572
PLOTEL,676,572,571
PLOTEL,677,571,570
PLOTEL,678,570,569
PLOTEL,679,569,568
PLOTEL,680,568,567
PLOTEL,681,567,566
PLOTEL,682,566,565
PLOTEL,683,565,564
PLOTEL,684,564,563
PLOTEL,685,563,562
PLOTEL,686,562,561
PLOTEL,687,561,560
PLOTEL,688,560,559
PLOTEL,689,559,558
PLOTEL,690,558,557
PLOTEL,691,557,556
PLOTEL,692,556,555
PLOTEL,693,555,554
PLOTEL,694,554,553
PLOTEL,695,553,552
PLOTEL,696,552,551
PLOTEL,697,551,550
PLOTEL,698,550,549
PLOTEL,699,549,2
$*  Mesh Collector: Plotel Collector(3)
$*  Mesh: 1d_mesh(3)
PLOTEL,243,243,244
PLOTEL,244,244,245
PLOTEL,245,245,246
PLOTEL,246,246,247
PLOTEL,247,247,248
PLOTEL,248,248,249
PLOTEL,249,249,250
PLOTEL,250,250,251
PLOTEL,251,251,252
PLOTEL,252,252,253
PLOTEL,253,253,254
PLOTEL,254,254,255
PLOTEL,255,255,256
PLOTEL,256,256,257
PLOTEL,257,257,258
PLOTEL,258,258,259
PLOTEL,259,259,260
PLOTEL,260,260,261
PLOTEL,261,261,262
PLOTEL,262,262,263
PLOTEL,263,263,264
PLOTEL,264,264,265
PLOTEL,265,265,266
PLOTEL,266,266,267
PLOTEL,267,267,268
PLOTEL,268,268,269
PLOTEL,269,269,270
PLOTEL,270,270,271
PLOTEL,271,271,272
PLOTEL,272,272,273
PLOTEL,273,273,274
PLOTEL,274,274,275
PLOTEL,275,275,276
PLOTEL,276,276,277
PLOTEL,277,277,278
PLOTEL,278,278,279
PLOTEL,279,279,280
PLOTEL,280,280,281
PLOTEL,281,281,282
PLOTEL,282,282,283
PLOTEL,283,283,284
PLOTEL,284,284,285
PLOTEL,285,285,286
PLOTEL,286,286,287
PLOTEL,287,287,288
PLOTEL,288,288,289
PLOTEL,289,289,290
PLOTEL,290,290,291
PLOTEL,291,291,292
PLOTEL,292,292,293
PLOTEL,293,293,294
PLOTEL,294,294,295
PLOTEL,295,295,296
PLOTEL,296,296,297
PLOTEL,297,297,298
PLOTEL,298,298,299
PLOTEL,299,299,300
PLOTEL,300,300,301
PLOTEL,301,301,302
PLOTEL,302,302,303
PLOTEL,303,303,304
PLOTEL,304,304,305
PLOTEL,305,305,306
PLOTEL,306,306,307
PLOTEL,307,307,308
PLOTEL,308,308,309
PLOTEL,309,309,310
PLOTEL,310,310,311
PLOTEL,311,311,312
PLOTEL,312,312,313
PLOTEL,313,313,314
PLOTEL,314,314,315
PLOTEL,315,315,316
PLOTEL,316,316,317
PLOTEL,317,317,318
PLOTEL,318,318,319
PLOTEL,319,319,320
PLOTEL,320,320,321
PLOTEL,321,321,322
PLOTEL,322,322,323
PLOTEL,323,323,324
PLOTEL,324,324,325
PLOTEL,325,325,326
PLOTEL,326,326,327
PLOTEL,327,327,328
PLOTEL,328,328,329
PLOTEL,329,329,330
PLOTEL,330,330,331
PLOTEL,331,331,332
PLOTEL,332,332,333
PLOTEL,333,333,334
PLOTEL,334,334,335
PLOTEL,335,335,336
PLOTEL,336,336,337
PLOTEL,337,337,338
PLOTEL,338,338,339
PLOTEL,339,339,340
PLOTEL,340,340,341
PLOTEL,341,341,342
PLOTEL,342,342,343
PLOTEL,343,343,344
PLOTEL,344,344,345
PLOTEL,345,345,346
PLOTEL,346,346,347
PLOTEL,347,347,348
PLOTEL,348,348,349
PLOTEL,349,349,350
PLOTEL,350,350,351
PLOTEL,351,351,352
PLOTEL,352,352,353
PLOTEL,353,353,354
PLOTEL,354,354,355
PLOTEL,355,355,356
PLOTEL,356,356,357
PLOTEL,357,357,358
PLOTEL,358,358,359
PLOTEL,359,359,360
PLOTEL,360,360,361
PLOTEL,361,361,362
PLOTEL,362,362,363
PLOTEL,363,363,364
PLOTEL,364,364,365
PLOTEL,365,365,366
PLOTEL,366,366,367
PLOTEL,367,367,368
PLOTEL,368,368,369
PLOTEL,369,369,370
PLOTEL,370,370,371
PLOTEL,371,371,372
PLOTEL,372,372,373
PLOTEL,373,373,374
PLOTEL,374,374,375
PLOTEL,375,375,376
PLOTEL,376,376,377
PLOTEL,377,377,378
PLOTEL,378,378,379
PLOTEL,379,379,380
PLOTEL,380,380,381
PLOTEL,381,381,382
PLOTEL,382,382,383
PLOTEL,383,383,384
PLOTEL,384,384,385
PLOTEL,385,385,386
PLOTEL,386,386,387
PLOTEL,387,387,388
PLOTEL,388,388,389
PLOTEL,389,389,390
PLOTEL,390,390,391
PLOTEL,391,391,392
PLOTEL,392,392,393
PLOTEL,393,393,394
PLOTEL,394,394,395
PLOTEL,395,395,396
PLOTEL,396,396,397
PLOTEL,397,397,398
PLOTEL,398,398,399
PLOTEL,399,399,243
ENDDATA
