3          0.0050000000         0.0050000000         0.0001000000        
3          0.0050000000         0.0150000000         0.0001000000        
3          0.0050000000         0.0250000000         0.0001000000        
3          0.0050000000         0.0350000000         0.0001000000        
3          0.0050000000         0.0450000000         0.0001000000        
3          0.0050000000         0.0550000000         0.0001000000        
3          0.0050000000         0.0650000000         0.0001000000        
3          0.0050000000         0.0750000000         0.0001000000        
3          0.0050000000         0.0850000000         0.0001000000        
3          0.0050000000         0.0950000000         0.0001000000        
3          0.0050000000         0.1050000000         0.0001000000        
3          0.0050000000         0.1150000000         0.0001000000        
3          0.0050000000         0.1250000000         0.0001000000        
3          0.0050000000         0.1350000000         0.0001000000        
3          0.0050000000         0.1450000000         0.0001000000        
3          0.0050000000         0.1550000000         0.0001000000        
3          0.0050000000         0.1650000000         0.0001000000        
3          0.0050000000         0.1750000000         0.0001000000        
3          0.0050000000         0.1850000000         0.0001000000        
3          0.0050000000         0.1950000000         0.0001000000        
3          0.0150000000         0.0050000000         0.0001000000        
3          0.0150000000         0.0150000000         0.0001000000        
3          0.0150000000         0.0250000000         0.0001000000        
3          0.0150000000         0.0350000000         0.0001000000        
3          0.0150000000         0.0450000000         0.0001000000        
3          0.0150000000         0.0550000000         0.0001000000        
3          0.0150000000         0.0650000000         0.0001000000        
3          0.0150000000         0.0750000000         0.0001000000        
3          0.0150000000         0.0850000000         0.0001000000        
3          0.0150000000         0.0950000000         0.0001000000        
3          0.0150000000         0.1050000000         0.0001000000        
3          0.0150000000         0.1150000000         0.0001000000        
3          0.0150000000         0.1250000000         0.0001000000        
3          0.0150000000         0.1350000000         0.0001000000        
3          0.0150000000         0.1450000000         0.0001000000        
3          0.0150000000         0.1550000000         0.0001000000        
3          0.0150000000         0.1650000000         0.0001000000        
3          0.0150000000         0.1750000000         0.0001000000        
3          0.0150000000         0.1850000000         0.0001000000        
3          0.0150000000         0.1950000000         0.0001000000        
3          0.0250000000         0.0050000000         0.0001000000        
3          0.0250000000         0.0150000000         0.0001000000        
3          0.0250000000         0.0250000000         0.0001000000        
3          0.0250000000         0.0350000000         0.0001000000        
3          0.0250000000         0.0450000000         0.0001000000        
3          0.0250000000         0.0550000000         0.0001000000        
3          0.0250000000         0.0650000000         0.0001000000        
3          0.0250000000         0.0750000000         0.0001000000        
3          0.0250000000         0.0850000000         0.0001000000        
3          0.0250000000         0.0950000000         0.0001000000        
3          0.0250000000         0.1050000000         0.0001000000        
3          0.0250000000         0.1150000000         0.0001000000        
3          0.0250000000         0.1250000000         0.0001000000        
3          0.0250000000         0.1350000000         0.0001000000        
3          0.0250000000         0.1450000000         0.0001000000        
3          0.0250000000         0.1550000000         0.0001000000        
3          0.0250000000         0.1650000000         0.0001000000        
3          0.0250000000         0.1750000000         0.0001000000        
3          0.0250000000         0.1850000000         0.0001000000        
3          0.0250000000         0.1950000000         0.0001000000        
3          0.0350000000         0.0050000000         0.0001000000        
3          0.0350000000         0.0150000000         0.0001000000        
3          0.0350000000         0.0250000000         0.0001000000        
3          0.0350000000         0.0350000000         0.0001000000        
3          0.0350000000         0.0450000000         0.0001000000        
3          0.0350000000         0.0550000000         0.0001000000        
3          0.0350000000         0.0650000000         0.0001000000        
3          0.0350000000         0.0750000000         0.0001000000        
3          0.0350000000         0.0850000000         0.0001000000        
3          0.0350000000         0.0950000000         0.0001000000        
3          0.0350000000         0.1050000000         0.0001000000        
3          0.0350000000         0.1150000000         0.0001000000        
3          0.0350000000         0.1250000000         0.0001000000        
3          0.0350000000         0.1350000000         0.0001000000        
3          0.0350000000         0.1450000000         0.0001000000        
3          0.0350000000         0.1550000000         0.0001000000        
3          0.0350000000         0.1650000000         0.0001000000        
3          0.0350000000         0.1750000000         0.0001000000        
3          0.0350000000         0.1850000000         0.0001000000        
3          0.0350000000         0.1950000000         0.0001000000        
3          0.0450000000         0.0050000000         0.0001000000        
3          0.0450000000         0.0150000000         0.0001000000        
3          0.0450000000         0.0250000000         0.0001000000        
3          0.0450000000         0.0350000000         0.0001000000        
3          0.0450000000         0.0450000000         0.0001000000        
3          0.0450000000         0.0550000000         0.0001000000        
3          0.0450000000         0.0650000000         0.0001000000        
3          0.0450000000         0.0750000000         0.0001000000        
3          0.0450000000         0.0850000000         0.0001000000        
3          0.0450000000         0.0950000000         0.0001000000        
3          0.0450000000         0.1050000000         0.0001000000        
3          0.0450000000         0.1150000000         0.0001000000        
3          0.0450000000         0.1250000000         0.0001000000        
3          0.0450000000         0.1350000000         0.0001000000        
3          0.0450000000         0.1450000000         0.0001000000        
3          0.0450000000         0.1550000000         0.0001000000        
3          0.0450000000         0.1650000000         0.0001000000        
3          0.0450000000         0.1750000000         0.0001000000        
3          0.0450000000         0.1850000000         0.0001000000        
3          0.0450000000         0.1950000000         0.0001000000        
3          0.0550000000         0.0050000000         0.0001000000        
3          0.0550000000         0.0150000000         0.0001000000        
3          0.0550000000         0.0250000000         0.0001000000        
3          0.0550000000         0.0350000000         0.0001000000        
3          0.0550000000         0.0450000000         0.0001000000        
3          0.0550000000         0.0550000000         0.0001000000        
3          0.0550000000         0.0650000000         0.0001000000        
3          0.0550000000         0.0750000000         0.0001000000        
3          0.0550000000         0.0850000000         0.0001000000        
3          0.0550000000         0.0950000000         0.0001000000        
3          0.0550000000         0.1050000000         0.0001000000        
3          0.0550000000         0.1150000000         0.0001000000        
3          0.0550000000         0.1250000000         0.0001000000        
3          0.0550000000         0.1350000000         0.0001000000        
3          0.0550000000         0.1450000000         0.0001000000        
3          0.0550000000         0.1550000000         0.0001000000        
3          0.0550000000         0.1650000000         0.0001000000        
3          0.0550000000         0.1750000000         0.0001000000        
3          0.0550000000         0.1850000000         0.0001000000        
3          0.0550000000         0.1950000000         0.0001000000        
3          0.0650000000         0.0050000000         0.0001000000        
3          0.0650000000         0.0150000000         0.0001000000        
3          0.0650000000         0.0250000000         0.0001000000        
3          0.0650000000         0.0350000000         0.0001000000        
3          0.0650000000         0.0450000000         0.0001000000        
3          0.0650000000         0.0550000000         0.0001000000        
3          0.0650000000         0.0650000000         0.0001000000        
3          0.0650000000         0.0750000000         0.0001000000        
3          0.0650000000         0.0850000000         0.0001000000        
3          0.0650000000         0.0950000000         0.0001000000        
3          0.0650000000         0.1050000000         0.0001000000        
3          0.0650000000         0.1150000000         0.0001000000        
3          0.0650000000         0.1250000000         0.0001000000        
3          0.0650000000         0.1350000000         0.0001000000        
3          0.0650000000         0.1450000000         0.0001000000        
3          0.0650000000         0.1550000000         0.0001000000        
3          0.0650000000         0.1650000000         0.0001000000        
3          0.0650000000         0.1750000000         0.0001000000        
3          0.0650000000         0.1850000000         0.0001000000        
3          0.0650000000         0.1950000000         0.0001000000        
3          0.0750000000         0.0050000000         0.0001000000        
3          0.0750000000         0.0150000000         0.0001000000        
3          0.0750000000         0.0250000000         0.0001000000        
3          0.0750000000         0.0350000000         0.0001000000        
3          0.0750000000         0.0450000000         0.0001000000        
3          0.0750000000         0.0550000000         0.0001000000        
3          0.0750000000         0.0650000000         0.0001000000        
3          0.0750000000         0.0750000000         0.0001000000        
3          0.0750000000         0.0850000000         0.0001000000        
3          0.0750000000         0.0950000000         0.0001000000        
3          0.0750000000         0.1050000000         0.0001000000        
3          0.0750000000         0.1150000000         0.0001000000        
3          0.0750000000         0.1250000000         0.0001000000        
3          0.0750000000         0.1350000000         0.0001000000        
3          0.0750000000         0.1450000000         0.0001000000        
3          0.0750000000         0.1550000000         0.0001000000        
3          0.0750000000         0.1650000000         0.0001000000        
3          0.0750000000         0.1750000000         0.0001000000        
3          0.0750000000         0.1850000000         0.0001000000        
3          0.0750000000         0.1950000000         0.0001000000        
3          0.0850000000         0.0050000000         0.0001000000        
3          0.0850000000         0.0150000000         0.0001000000        
3          0.0850000000         0.0250000000         0.0001000000        
3          0.0850000000         0.0350000000         0.0001000000        
3          0.0850000000         0.0450000000         0.0001000000        
3          0.0850000000         0.0550000000         0.0001000000        
3          0.0850000000         0.0650000000         0.0001000000        
3          0.0850000000         0.0750000000         0.0001000000        
3          0.0850000000         0.0850000000         0.0001000000        
3          0.0850000000         0.0950000000         0.0001000000        
3          0.0850000000         0.1050000000         0.0001000000        
3          0.0850000000         0.1150000000         0.0001000000        
3          0.0850000000         0.1250000000         0.0001000000        
3          0.0850000000         0.1350000000         0.0001000000        
3          0.0850000000         0.1450000000         0.0001000000        
3          0.0850000000         0.1550000000         0.0001000000        
3          0.0850000000         0.1650000000         0.0001000000        
3          0.0850000000         0.1750000000         0.0001000000        
3          0.0850000000         0.1850000000         0.0001000000        
3          0.0850000000         0.1950000000         0.0001000000        
3          0.0950000000         0.0050000000         0.0001000000        
3          0.0950000000         0.0150000000         0.0001000000        
3          0.0950000000         0.0250000000         0.0001000000        
3          0.0950000000         0.0350000000         0.0001000000        
3          0.0950000000         0.0450000000         0.0001000000        
3          0.0950000000         0.0550000000         0.0001000000        
3          0.0950000000         0.0650000000         0.0001000000        
3          0.0950000000         0.0750000000         0.0001000000        
3          0.0950000000         0.0850000000         0.0001000000        
3          0.0950000000         0.0950000000         0.0001000000        
3          0.0950000000         0.1050000000         0.0001000000        
3          0.0950000000         0.1150000000         0.0001000000        
3          0.0950000000         0.1250000000         0.0001000000        
3          0.0950000000         0.1350000000         0.0001000000        
3          0.0950000000         0.1450000000         0.0001000000        
3          0.0950000000         0.1550000000         0.0001000000        
3          0.0950000000         0.1650000000         0.0001000000        
3          0.0950000000         0.1750000000         0.0001000000        
3          0.0950000000         0.1850000000         0.0001000000        
3          0.0950000000         0.1950000000         0.0001000000        
