1          20.0049400000        0.0247106000         19.9571600000        0.0393761000        
1          19.9571600000        0.0393761000         19.9093800000        0.0540415000        
1          19.9093800000        0.0540415000         19.8615900000        0.0687069000        
1          19.8615900000        0.0687069000         19.8138100000        0.0833723000        
1          19.8138100000        0.0833723000         19.7660300000        0.0980378000        
1          19.7660300000        0.0980378000         19.7182500000        0.1127032000        
1          19.7182500000        0.1127032000         19.6704700000        0.1273686000        
1          19.6704700000        0.1273686000         19.6226800000        0.1420340000        
1          19.6226800000        0.1420340000         19.5749000000        0.1566995000        
1          19.5749000000        0.1566995000         19.5271200000        0.1713649000        
1          19.5271200000        0.1713649000         19.4793400000        0.1860303000        
1          19.4793400000        0.1860303000         19.4315500000        0.2006957000        
1          19.4315500000        0.2006957000         19.3837700000        0.2153611000        
1          19.3837700000        0.2153611000         19.3359900000        0.2300266000        
1          19.3359900000        0.2300266000         19.2882100000        0.2446920000        
1          19.2882100000        0.2446920000         19.2404200000        0.2593574000        
1          19.2404200000        0.2593574000         19.1926400000        0.2740228000        
1          19.1926400000        0.2740228000         19.1448600000        0.2886883000        
1          19.1448600000        0.2886883000         19.0970800000        0.3033537000        
1          19.0970800000        0.3033537000         19.0492900000        0.3180191000        
1          19.0492900000        0.3180191000         19.0015100000        0.3326845000        
1          19.0015100000        0.3326845000         18.9537300000        0.3473500000        
1          18.9537300000        0.3473500000         18.9059500000        0.3620154000        
1          18.9059500000        0.3620154000         18.8581600000        0.3766808000        
1          18.8581600000        0.3766808000         18.8103800000        0.3913462000        
1          18.8103800000        0.3913462000         18.7626000000        0.4060117000        
1          18.7626000000        0.4060117000         18.7148200000        0.4206771000        
1          18.7148200000        0.4206771000         18.6670300000        0.4353425000        
1          18.6670300000        0.4353425000         18.6192500000        0.4500079000        
1          18.6192500000        0.4500079000         18.5714700000        0.4646734000        
1          18.5714700000        0.4646734000         18.5236900000        0.4793388000        
1          18.5236900000        0.4793388000         18.4759000000        0.4940042000        
1          18.4759000000        0.4940042000         18.4281200000        0.5086696000        
1          18.4281200000        0.5086696000         18.3803400000        0.5233351000        
1          18.3803400000        0.5233351000         18.3325600000        0.5380005000        
1          18.3325600000        0.5380005000         18.2847800000        0.5526659000        
1          18.2847800000        0.5526659000         18.2369900000        0.5673313000        
1          18.2369900000        0.5673313000         18.1892100000        0.5819968000        
1          18.1892100000        0.5819968000         18.1414300000        0.5966622000        
1          18.1414300000        0.5966622000         18.0936500000        0.6113276000        
1          18.0936500000        0.6113276000         18.0458600000        0.6259930000        
1          18.0458600000        0.6259930000         17.9980800000        0.6406585000        
1          17.9980800000        0.6406585000         17.9503000000        0.6553239000        
1          17.9503000000        0.6553239000         17.9025200000        0.6699893000        
1          17.9025200000        0.6699893000         17.8547300000        0.6846547000        
1          17.8547300000        0.6846547000         17.8069500000        0.6993202000        
1          17.8069500000        0.6993202000         17.7591700000        0.7139856000        
1          17.7591700000        0.7139856000         17.7113900000        0.7286510000        
1          17.7113900000        0.7286510000         17.6636000000        0.7433164000        
1          17.6636000000        0.7433164000         17.6158200000        0.7579819000        
1          17.6158200000        0.7579819000         17.5680400000        0.7726473000        
1          17.5680400000        0.7726473000         17.5202600000        0.7873127000        
1          17.5202600000        0.7873127000         17.4724700000        0.8019781000        
1          17.4724700000        0.8019781000         17.4246900000        0.8166436000        
1          17.4246900000        0.8166436000         17.3769100000        0.8313090000        
1          17.3769100000        0.8313090000         17.3291300000        0.8459744000        
1          17.3291300000        0.8459744000         17.2813400000        0.8606398000        
1          17.2813400000        0.8606398000         17.2335600000        0.8753052000        
1          17.2335600000        0.8753052000         17.1857800000        0.8899707000        
1          17.1857800000        0.8899707000         17.1380000000        0.9046361000        
1          17.1380000000        0.9046361000         17.0902200000        0.9193015000        
1          17.0902200000        0.9193015000         17.0424300000        0.9339669000        
1          17.0424300000        0.9339669000         16.9946500000        0.9486324000        
1          16.9946500000        0.9486324000         16.9460400000        0.9602080000        
1          16.9460400000        0.9602080000         16.8973400000        0.9714534000        
1          16.8973400000        0.9714534000         16.8486400000        0.9826988000        
1          16.8486400000        0.9826988000         16.7999400000        0.9939442000        
1          16.7999400000        0.9939442000         16.7512300000        1.0051900000        
1          16.7512300000        1.0051900000         16.7025300000        1.0164350000        
1          16.7025300000        1.0164350000         16.6538300000        1.0276800000        
1          16.6538300000        1.0276800000         16.6051300000        1.0389260000        
1          16.6051300000        1.0389260000         16.5564300000        1.0501710000        
1          16.5564300000        1.0501710000         16.5077300000        1.0614160000        
1          16.5077300000        1.0614160000         16.4590300000        1.0726620000        
1          16.4590300000        1.0726620000         16.4103300000        1.0839070000        
1          16.4103300000        1.0839070000         16.3616300000        1.0951530000        
1          16.3616300000        1.0951530000         16.3129300000        1.1063980000        
1          16.3129300000        1.1063980000         16.2642300000        1.1176430000        
1          16.2642300000        1.1176430000         16.2155300000        1.1288890000        
1          16.2155300000        1.1288890000         16.1668200000        1.1401340000        
1          16.1668200000        1.1401340000         16.1181200000        1.1513800000        
1          16.1181200000        1.1513800000         16.0694200000        1.1626250000        
1          16.0694200000        1.1626250000         16.0207200000        1.1738700000        
1          16.0207200000        1.1738700000         15.9720200000        1.1851160000        
1          15.9720200000        1.1851160000         15.9233200000        1.1963610000        
1          15.9233200000        1.1963610000         15.8746200000        1.2076060000        
1          15.8746200000        1.2076060000         15.8259200000        1.2188520000        
1          15.8259200000        1.2188520000         15.7772200000        1.2300970000        
1          15.7772200000        1.2300970000         15.7285200000        1.2413430000        
1          15.7285200000        1.2413430000         15.6798200000        1.2525880000        
1          15.6798200000        1.2525880000         15.6311100000        1.2638330000        
1          15.6311100000        1.2638330000         15.5824100000        1.2750790000        
1          15.5824100000        1.2750790000         15.5337100000        1.2863240000        
1          15.5337100000        1.2863240000         15.4850100000        1.2975700000        
1          15.4850100000        1.2975700000         15.4363100000        1.3088150000        
1          15.4363100000        1.3088150000         15.3876100000        1.3200600000        
1          15.3876100000        1.3200600000         15.3389100000        1.3313060000        
1          15.3389100000        1.3313060000         15.2902100000        1.3425510000        
1          15.2902100000        1.3425510000         15.2415100000        1.3537960000        
1          15.2415100000        1.3537960000         15.1928100000        1.3650420000        
1          15.1928100000        1.3650420000         15.1441100000        1.3762870000        
1          15.1441100000        1.3762870000         15.0954100000        1.3875330000        
1          15.0954100000        1.3875330000         15.0467000000        1.3987780000        
1          15.0467000000        1.3987780000         14.9980000000        1.4100230000        
1          14.9980000000        1.4100230000         14.9493000000        1.4212690000        
1          14.9493000000        1.4212690000         14.9006000000        1.4325140000        
1          14.9006000000        1.4325140000         14.8519000000        1.4437600000        
1          14.8519000000        1.4437600000         14.8032000000        1.4550050000        
1          14.8032000000        1.4550050000         14.7545000000        1.4662500000        
1          14.7545000000        1.4662500000         14.7058000000        1.4774960000        
1          14.7058000000        1.4774960000         14.6571000000        1.4887410000        
1          14.6571000000        1.4887410000         14.6084000000        1.4999860000        
1          14.6084000000        1.4999860000         14.5597000000        1.5112320000        
1          14.5597000000        1.5112320000         14.5109900000        1.5224770000        
1          14.5109900000        1.5224770000         14.4622900000        1.5337230000        
1          14.4622900000        1.5337230000         14.4135900000        1.5449680000        
1          14.4135900000        1.5449680000         14.3648900000        1.5562130000        
1          14.3648900000        1.5562130000         14.3161900000        1.5674590000        
1          14.3161900000        1.5674590000         14.2674900000        1.5787040000        
1          14.2674900000        1.5787040000         14.2187900000        1.5899500000        
1          14.2187900000        1.5899500000         14.1700900000        1.6011950000        
1          14.1700900000        1.6011950000         14.1213900000        1.6124400000        
1          14.1213900000        1.6124400000         14.0726900000        1.6236860000        
1          14.0726900000        1.6236860000         14.0239900000        1.6349310000        
1          14.0239900000        1.6349310000         13.9752900000        1.6461760000        
1          13.9752900000        1.6461760000         13.9265800000        1.6574220000        
1          13.9265800000        1.6574220000         13.8773300000        1.6658120000        
1          13.8773300000        1.6658120000         13.8279400000        1.6734580000        
1          13.8279400000        1.6734580000         13.7785500000        1.6811040000        
1          13.7785500000        1.6811040000         13.7291500000        1.6887500000        
1          13.7291500000        1.6887500000         13.6797600000        1.6963960000        
1          13.6797600000        1.6963960000         13.6303600000        1.7040420000        
1          13.6303600000        1.7040420000         13.5809700000        1.7116880000        
1          13.5809700000        1.7116880000         13.5315800000        1.7193340000        
1          13.5315800000        1.7193340000         13.4821800000        1.7269800000        
1          13.4821800000        1.7269800000         13.4327900000        1.7346260000        
1          13.4327900000        1.7346260000         13.3833900000        1.7422720000        
1          13.3833900000        1.7422720000         13.3340000000        1.7499180000        
1          13.3340000000        1.7499180000         13.2846000000        1.7575640000        
1          13.2846000000        1.7575640000         13.2352100000        1.7652100000        
1          13.2352100000        1.7652100000         13.1858200000        1.7728560000        
1          13.1858200000        1.7728560000         13.1364200000        1.7805020000        
1          13.1364200000        1.7805020000         13.0870300000        1.7881480000        
1          13.0870300000        1.7881480000         13.0376300000        1.7957940000        
1          13.0376300000        1.7957940000         12.9882400000        1.8034400000        
1          12.9882400000        1.8034400000         12.9388500000        1.8110860000        
1          12.9388500000        1.8110860000         12.8894500000        1.8187320000        
1          12.8894500000        1.8187320000         12.8400600000        1.8263780000        
1          12.8400600000        1.8263780000         12.7906600000        1.8340240000        
1          12.7906600000        1.8340240000         12.7412700000        1.8416700000        
1          12.7412700000        1.8416700000         12.6918800000        1.8493160000        
1          12.6918800000        1.8493160000         12.6424800000        1.8569620000        
1          12.6424800000        1.8569620000         12.5930900000        1.8646080000        
1          12.5930900000        1.8646080000         12.5436900000        1.8722540000        
1          12.5436900000        1.8722540000         12.4943000000        1.8799000000        
1          12.4943000000        1.8799000000         12.4449100000        1.8875460000        
1          12.4449100000        1.8875460000         12.3955100000        1.8951920000        
1          12.3955100000        1.8951920000         12.3461200000        1.9028380000        
1          12.3461200000        1.9028380000         12.2967200000        1.9104840000        
1          12.2967200000        1.9104840000         12.2473300000        1.9181300000        
1          12.2473300000        1.9181300000         12.1979400000        1.9257760000        
1          12.1979400000        1.9257760000         12.1485400000        1.9334220000        
1          12.1485400000        1.9334220000         12.0991500000        1.9410680000        
1          12.0991500000        1.9410680000         12.0497500000        1.9487140000        
1          12.0497500000        1.9487140000         12.0003600000        1.9563600000        
1          12.0003600000        1.9563600000         11.9509700000        1.9640060000        
1          11.9509700000        1.9640060000         11.9015700000        1.9716520000        
1          11.9015700000        1.9716520000         11.8521800000        1.9792980000        
1          11.8521800000        1.9792980000         11.8027800000        1.9869440000        
1          11.8027800000        1.9869440000         11.7533900000        1.9945890000        
1          11.7533900000        1.9945890000         11.7040000000        2.0022350000        
1          11.7040000000        2.0022350000         11.6546000000        2.0098810000        
1          11.6546000000        2.0098810000         11.6052100000        2.0175270000        
1          11.6052100000        2.0175270000         11.5558100000        2.0251730000        
1          11.5558100000        2.0251730000         11.5064200000        2.0328190000        
1          11.5064200000        2.0328190000         11.4570300000        2.0404650000        
1          11.4570300000        2.0404650000         11.4076300000        2.0481110000        
1          11.4076300000        2.0481110000         11.3582400000        2.0557570000        
1          11.3582400000        2.0557570000         11.3088400000        2.0634030000        
1          11.3088400000        2.0634030000         11.2594500000        2.0710490000        
1          11.2594500000        2.0710490000         11.2100500000        2.0786950000        
1          11.2100500000        2.0786950000         11.1606600000        2.0863410000        
1          11.1606600000        2.0863410000         11.1112700000        2.0939870000        
1          11.1112700000        2.0939870000         11.0618700000        2.1016330000        
1          11.0618700000        2.1016330000         11.0124800000        2.1092790000        
1          11.0124800000        2.1092790000         10.9630800000        2.1169250000        
1          10.9630800000        2.1169250000         10.9136900000        2.1245710000        
1          10.9136900000        2.1245710000         10.8643000000        2.1322170000        
1          10.8643000000        2.1322170000         10.8149000000        2.1398630000        
1          10.8149000000        2.1398630000         10.7655100000        2.1475090000        
1          10.7655100000        2.1475090000         10.7157900000        2.1524050000        
1          10.7157900000        2.1524050000         10.6659700000        2.1564200000        
1          10.6659700000        2.1564200000         10.6161500000        2.1604340000        
1          10.6161500000        2.1604340000         10.5663300000        2.1644490000        
1          10.5663300000        2.1644490000         10.5165100000        2.1684640000        
1          10.5165100000        2.1684640000         10.4666900000        2.1724780000        
1          10.4666900000        2.1724780000         10.4168700000        2.1764930000        
1          10.4168700000        2.1764930000         10.3670500000        2.1805070000        
1          10.3670500000        2.1805070000         10.3172200000        2.1845220000        
1          10.3172200000        2.1845220000         10.2674000000        2.1885360000        
1          10.2674000000        2.1885360000         10.2175800000        2.1925510000        
1          10.2175800000        2.1925510000         10.1677600000        2.1965650000        
1          10.1677600000        2.1965650000         10.1179400000        2.2005800000        
1          10.1179400000        2.2005800000         10.0681200000        2.2045950000        
1          10.0681200000        2.2045950000         10.0183000000        2.2086090000        
1          10.0183000000        2.2086090000         9.9684780000         2.2126240000        
1          9.9684780000         2.2126240000         9.9186580000         2.2166380000        
1          9.9186580000         2.2166380000         9.8688370000         2.2206530000        
1          9.8688370000         2.2206530000         9.8190160000         2.2246670000        
1          9.8190160000         2.2246670000         9.7691950000         2.2286820000        
1          9.7691950000         2.2286820000         9.7193740000         2.2326960000        
1          9.7193740000         2.2326960000         9.6695530000         2.2367110000        
1          9.6695530000         2.2367110000         9.6197330000         2.2407260000        
1          9.6197330000         2.2407260000         9.5699120000         2.2447400000        
1          9.5699120000         2.2447400000         9.5200910000         2.2487550000        
1          9.5200910000         2.2487550000         9.4702700000         2.2527690000        
1          9.4702700000         2.2527690000         9.4204490000         2.2567840000        
1          9.4204490000         2.2567840000         9.3706280000         2.2607980000        
1          9.3706280000         2.2607980000         9.3208080000         2.2648130000        
1          9.3208080000         2.2648130000         9.2709870000         2.2688270000        
1          9.2709870000         2.2688270000         9.2211660000         2.2728420000        
1          9.2211660000         2.2728420000         9.1713450000         2.2768570000        
1          9.1713450000         2.2768570000         9.1215240000         2.2808710000        
1          9.1215240000         2.2808710000         9.0717030000         2.2848860000        
1          9.0717030000         2.2848860000         9.0218820000         2.2889000000        
1          9.0218820000         2.2889000000         8.9720620000         2.2929150000        
1          8.9720620000         2.2929150000         8.9222410000         2.2969290000        
1          8.9222410000         2.2969290000         8.8724200000         2.3009440000        
1          8.8724200000         2.3009440000         8.8225990000         2.3049580000        
1          8.8225990000         2.3049580000         8.7727780000         2.3089730000        
1          8.7727780000         2.3089730000         8.7229570000         2.3129880000        
1          8.7229570000         2.3129880000         8.6731370000         2.3170020000        
1          8.6731370000         2.3170020000         8.6233160000         2.3210170000        
1          8.6233160000         2.3210170000         8.5734950000         2.3250310000        
1          8.5734950000         2.3250310000         8.5236740000         2.3290460000        
1          8.5236740000         2.3290460000         8.4738530000         2.3330600000        
1          8.4738530000         2.3330600000         8.4240320000         2.3370750000        
1          8.4240320000         2.3370750000         8.3742110000         2.3410890000        
1          8.3742110000         2.3410890000         8.3243910000         2.3451040000        
1          8.3243910000         2.3451040000         8.2745700000         2.3491190000        
1          8.2745700000         2.3491190000         8.2246140000         2.3497800000        
1          8.2246140000         2.3497800000         8.1746320000         2.3497670000        
1          8.1746320000         2.3497670000         8.1246500000         2.3497540000        
1          8.1246500000         2.3497540000         8.0746670000         2.3497410000        
1          8.0746670000         2.3497410000         8.0246850000         2.3497280000        
1          8.0246850000         2.3497280000         7.9747030000         2.3497160000        
1          7.9747030000         2.3497160000         7.9247210000         2.3497030000        
1          7.9247210000         2.3497030000         7.8747380000         2.3496900000        
1          7.8747380000         2.3496900000         7.8247560000         2.3496770000        
1          7.8247560000         2.3496770000         7.7747740000         2.3496640000        
1          7.7747740000         2.3496640000         7.7247910000         2.3496510000        
1          7.7247910000         2.3496510000         7.6748090000         2.3496380000        
1          7.6748090000         2.3496380000         7.6248270000         2.3496260000        
1          7.6248270000         2.3496260000         7.5748440000         2.3496130000        
1          7.5748440000         2.3496130000         7.5248620000         2.3496000000        
1          7.5248620000         2.3496000000         7.4748800000         2.3495870000        
1          7.4748800000         2.3495870000         7.4248970000         2.3495740000        
1          7.4248970000         2.3495740000         7.3749150000         2.3495610000        
1          7.3749150000         2.3495610000         7.3249330000         2.3495480000        
1          7.3249330000         2.3495480000         7.2749500000         2.3495360000        
1          7.2749500000         2.3495360000         7.2249680000         2.3495230000        
1          7.2249680000         2.3495230000         7.1749860000         2.3495100000        
1          7.1749860000         2.3495100000         7.1250030000         2.3494970000        
1          7.1250030000         2.3494970000         7.0750210000         2.3494840000        
1          7.0750210000         2.3494840000         7.0250390000         2.3494710000        
1          7.0250390000         2.3494710000         6.9750560000         2.3494580000        
1          6.9750560000         2.3494580000         6.9250740000         2.3494460000        
1          6.9250740000         2.3494460000         6.8750920000         2.3494330000        
1          6.8750920000         2.3494330000         6.8251090000         2.3494200000        
1          6.8251090000         2.3494200000         6.7751270000         2.3494070000        
1          6.7751270000         2.3494070000         6.7251450000         2.3493940000        
1          6.7251450000         2.3493940000         6.6751620000         2.3493810000        
1          6.6751620000         2.3493810000         6.6251800000         2.3493680000        
1          6.6251800000         2.3493680000         6.5751980000         2.3493550000        
1          6.5751980000         2.3493550000         6.5252150000         2.3493430000        
1          6.5252150000         2.3493430000         6.4752330000         2.3493300000        
1          6.4752330000         2.3493300000         6.4252510000         2.3493170000        
1          6.4252510000         2.3493170000         6.3752870000         2.3489530000        
1          6.3752870000         2.3489530000         6.3255870000         2.3436490000        
1          6.3255870000         2.3436490000         6.2758870000         2.3383450000        
1          6.2758870000         2.3383450000         6.2261870000         2.3330410000        
1          6.2261870000         2.3330410000         6.1764870000         2.3277380000        
1          6.1764870000         2.3277380000         6.1267860000         2.3224340000        
1          6.1267860000         2.3224340000         6.0770860000         2.3171300000        
1          6.0770860000         2.3171300000         6.0273860000         2.3118260000        
1          6.0273860000         2.3118260000         5.9776860000         2.3065220000        
1          5.9776860000         2.3065220000         5.9279860000         2.3012190000        
1          5.9279860000         2.3012190000         5.8782860000         2.2959150000        
1          5.8782860000         2.2959150000         5.8285860000         2.2906110000        
1          5.8285860000         2.2906110000         5.7788860000         2.2853070000        
1          5.7788860000         2.2853070000         5.7291850000         2.2800040000        
1          5.7291850000         2.2800040000         5.6794850000         2.2747000000        
1          5.6794850000         2.2747000000         5.6297850000         2.2693960000        
1          5.6297850000         2.2693960000         5.5800850000         2.2640920000        
1          5.5800850000         2.2640920000         5.5303850000         2.2587880000        
1          5.5303850000         2.2587880000         5.4806850000         2.2534850000        
1          5.4806850000         2.2534850000         5.4309850000         2.2481810000        
1          5.4309850000         2.2481810000         5.3812840000         2.2428770000        
1          5.3812840000         2.2428770000         5.3315840000         2.2375730000        
1          5.3315840000         2.2375730000         5.2818840000         2.2322690000        
1          5.2818840000         2.2322690000         5.2321840000         2.2269660000        
1          5.2321840000         2.2269660000         5.1824840000         2.2216620000        
1          5.1824840000         2.2216620000         5.1327840000         2.2163580000        
1          5.1327840000         2.2163580000         5.0830840000         2.2110540000        
1          5.0830840000         2.2110540000         5.0333840000         2.2057500000        
1          5.0333840000         2.2057500000         4.9836830000         2.2004470000        
1          4.9836830000         2.2004470000         4.9339830000         2.1951430000        
1          4.9339830000         2.1951430000         4.8842830000         2.1898390000        
1          4.8842830000         2.1898390000         4.8345830000         2.1845350000        
1          4.8345830000         2.1845350000         4.7848830000         2.1792310000        
1          4.7848830000         2.1792310000         4.7351830000         2.1739280000        
1          4.7351830000         2.1739280000         4.6854830000         2.1686240000        
1          4.6854830000         2.1686240000         4.6357830000         2.1633200000        
1          4.6357830000         2.1633200000         4.5864710000         2.1557080000        
1          4.5864710000         2.1557080000         4.5377710000         2.1444590000        
1          4.5377710000         2.1444590000         4.4890700000         2.1332100000        
1          4.4890700000         2.1332100000         4.4403700000         2.1219620000        
1          4.4403700000         2.1219620000         4.3916700000         2.1107130000        
1          4.3916700000         2.1107130000         4.3429700000         2.0994650000        
1          4.3429700000         2.0994650000         4.2942700000         2.0882160000        
1          4.2942700000         2.0882160000         4.2455700000         2.0769670000        
1          4.2455700000         2.0769670000         4.1968700000         2.0657190000        
1          4.1968700000         2.0657190000         4.1481700000         2.0544700000        
1          4.1481700000         2.0544700000         4.0994700000         2.0432210000        
1          4.0994700000         2.0432210000         4.0507690000         2.0319730000        
1          4.0507690000         2.0319730000         4.0020690000         2.0207240000        
1          4.0020690000         2.0207240000         3.9533690000         2.0094750000        
1          3.9533690000         2.0094750000         3.9046690000         1.9982270000        
1          3.9046690000         1.9982270000         3.8559690000         1.9869780000        
1          3.8559690000         1.9869780000         3.8072690000         1.9757300000        
1          3.8072690000         1.9757300000         3.7585690000         1.9644810000        
1          3.7585690000         1.9644810000         3.7098690000         1.9532320000        
1          3.7098690000         1.9532320000         3.6611680000         1.9419840000        
1          3.6611680000         1.9419840000         3.6124680000         1.9307350000        
1          3.6124680000         1.9307350000         3.5637680000         1.9194860000        
1          3.5637680000         1.9194860000         3.5150680000         1.9082380000        
1          3.5150680000         1.9082380000         3.4663680000         1.8969890000        
1          3.4663680000         1.8969890000         3.4176680000         1.8857400000        
1          3.4176680000         1.8857400000         3.3689680000         1.8744920000        
1          3.3689680000         1.8744920000         3.3202680000         1.8632430000        
1          3.3202680000         1.8632430000         3.2715680000         1.8519950000        
1          3.2715680000         1.8519950000         3.2228670000         1.8407460000        
1          3.2228670000         1.8407460000         3.1741670000         1.8294970000        
1          3.1741670000         1.8294970000         3.1254670000         1.8182490000        
1          3.1254670000         1.8182490000         3.0767670000         1.8070000000        
1          3.0767670000         1.8070000000         3.0280670000         1.7957510000        
1          3.0280670000         1.7957510000         2.9793670000         1.7845030000        
1          2.9793670000         1.7845030000         2.9306670000         1.7732540000        
1          2.9306670000         1.7732540000         2.8819670000         1.7620050000        
1          2.8819670000         1.7620050000         2.8332660000         1.7507570000        
1          2.8332660000         1.7507570000         2.7863480000         1.7335480000        
1          2.7863480000         1.7335480000         2.7394630000         1.7162260000        
1          2.7394630000         1.7162260000         2.6925780000         1.6989040000        
1          2.6925780000         1.6989040000         2.6456940000         1.6815820000        
1          2.6456940000         1.6815820000         2.5988090000         1.6642600000        
1          2.5988090000         1.6642600000         2.5519240000         1.6469380000        
1          2.5519240000         1.6469380000         2.5050390000         1.6296170000        
1          2.5050390000         1.6296170000         2.4581540000         1.6122950000        
1          2.4581540000         1.6122950000         2.4112690000         1.5949730000        
1          2.4112690000         1.5949730000         2.3643840000         1.5776510000        
1          2.3643840000         1.5776510000         2.3175000000         1.5603290000        
1          2.3175000000         1.5603290000         2.2706150000         1.5430080000        
1          2.2706150000         1.5430080000         2.2237300000         1.5256860000        
1          2.2237300000         1.5256860000         2.1768450000         1.5083640000        
1          2.1768450000         1.5083640000         2.1299600000         1.4910420000        
1          2.1299600000         1.4910420000         2.0830750000         1.4737200000        
1          2.0830750000         1.4737200000         2.0361910000         1.4563990000        
1          2.0361910000         1.4563990000         1.9893060000         1.4390770000        
1          1.9893060000         1.4390770000         1.9424210000         1.4217550000        
1          1.9424210000         1.4217550000         1.8955360000         1.4044330000        
1          1.8955360000         1.4044330000         1.8486510000         1.3871110000        
1          1.8486510000         1.3871110000         1.8017660000         1.3697900000        
1          1.8017660000         1.3697900000         1.7548820000         1.3524680000        
1          1.7548820000         1.3524680000         1.7079970000         1.3351460000        
1          1.7079970000         1.3351460000         1.6611120000         1.3178240000        
1          1.6611120000         1.3178240000         1.6147670000         1.2992890000        
1          1.6147670000         1.2992890000         1.5705260000         1.2760310000        
1          1.5705260000         1.2760310000         1.5262850000         1.2527730000        
1          1.5262850000         1.2527730000         1.4820430000         1.2295150000        
1          1.4820430000         1.2295150000         1.4378020000         1.2062570000        
1          1.4378020000         1.2062570000         1.3935610000         1.1829990000        
1          1.3935610000         1.1829990000         1.3493190000         1.1597410000        
1          1.3493190000         1.1597410000         1.3050780000         1.1364830000        
1          1.3050780000         1.1364830000         1.2608370000         1.1132240000        
1          1.2608370000         1.1132240000         1.2165950000         1.0899660000        
1          1.2165950000         1.0899660000         1.1723540000         1.0667080000        
1          1.1723540000         1.0667080000         1.1281130000         1.0434500000        
1          1.1281130000         1.0434500000         1.0838720000         1.0201920000        
1          1.0838720000         1.0201920000         1.0396300000         0.9969339000        
1          1.0396300000         0.9969339000         0.9953889000         0.9736757000        
1          0.9953889000         0.9736757000         0.9511476000         0.9504176000        
1          0.9511476000         0.9504176000         0.9069063000         0.9271595000        
1          0.9069063000         0.9271595000         0.8626650000         0.9039014000        
1          0.8626650000         0.9039014000         0.8184237000         0.8806432000        
1          0.8184237000         0.8806432000         0.7741824000         0.8573851000        
1          0.7741824000         0.8573851000         0.7342106000         0.8274242000        
1          0.7342106000         0.8274242000         0.6944305000         0.7971624000        
1          0.6944305000         0.7971624000         0.6546504000         0.7669006000        
1          0.6546504000         0.7669006000         0.6148703000         0.7366389000        
1          0.6148703000         0.7366389000         0.5750901000         0.7063771000        
1          0.5750901000         0.7063771000         0.5353100000         0.6761153000        
1          0.5353100000         0.6761153000         0.4955299000         0.6458535000        
1          0.4955299000         0.6458535000         0.4557498000         0.6155917000        
1          0.4557498000         0.6155917000         0.4159697000         0.5853299000        
1          0.4159697000         0.5853299000         0.3761896000         0.5550681000        
1          0.3761896000         0.5550681000         0.3364095000         0.5248064000        
1          0.3364095000         0.5248064000         0.2966293000         0.4945446000        
1          0.2966293000         0.4945446000         0.2592760000         0.4615133000        
1          0.2592760000         0.4615133000         0.2243959000         0.4257307000        
1          0.2243959000         0.4257307000         0.1914062000         0.3881819000        
1          0.1914062000         0.3881819000         0.1584165000         0.3506331000        
1          0.1584165000         0.3506331000         0.1278836000         0.3111242000        
1          0.1278836000         0.3111242000         0.0985984000         0.2706197000        
1          0.0985984000         0.2706197000         0.0728302000         0.2279528000        
1          0.0728302000         0.2279528000         0.0499041000         0.1835386000        
1          0.0499041000         0.1835386000         0.0280106000         0.1386893000        
1          0.0280106000         0.1386893000         0.0122467000         0.0912580000        
1          0.0122467000         0.0912580000         0.0029850000         0.0421485000        
1          0.0029850000         0.0421485000         0.0022690000         -0.0077200000       
1          0.0022690000         -0.0077200000        0.0069910000         -0.0571550000       
1          0.0069910000         -0.0571550000        0.0205287000         -0.1051470000       
1          0.0205287000         -0.1051470000        0.0438115000         -0.1492210000       
1          0.0438115000         -0.1492210000        0.0744770000         -0.1886900000       
1          0.0744770000         -0.1886900000        0.1112755000         -0.2223180000       
1          0.1112755000         -0.2223180000        0.1515354000         -0.2516340000       
1          0.1515354000         -0.2516340000        0.1944277000         -0.2772950000       
1          0.1944277000         -0.2772950000        0.2392149000         -0.2992310000       
1          0.2392149000         -0.2992310000        0.2852131000         -0.3187860000       
1          0.2852131000         -0.3187860000        0.3333944000         -0.3318300000       
1          0.3333944000         -0.3318300000        0.3818832000         -0.3439570000       
1          0.3818832000         -0.3439570000        0.4303721000         -0.3560840000       
1          0.4303721000         -0.3560840000        0.4788609000         -0.3682120000       
1          0.4788609000         -0.3682120000        0.5273497000         -0.3803390000       
1          0.5273497000         -0.3803390000        0.5761937000         -0.3905240000       
1          0.5761937000         -0.3905240000        0.6258358000         -0.3963460000       
1          0.6258358000         -0.3963460000        0.6754780000         -0.4021670000       
1          0.6754780000         -0.4021670000        0.7251202000         -0.4079890000       
1          0.7251202000         -0.4079890000        0.7747623000         -0.4138100000       
1          0.7747623000         -0.4138100000        0.8244045000         -0.4196310000       
1          0.8244045000         -0.4196310000        0.8743420000         -0.4203040000       
1          0.8743420000         -0.4203040000        0.9243243000         -0.4201990000       
1          0.9243243000         -0.4201990000        0.9743065000         -0.4200930000       
1          0.9743065000         -0.4200930000        1.0242890000         -0.4199870000       
1          1.0242890000         -0.4199870000        1.0742710000         -0.4198820000       
1          1.0742710000         -0.4198820000        1.1242530000         -0.4197760000       
1          1.1242530000         -0.4197760000        1.1742350000         -0.4196710000       
1          1.1742350000         -0.4196710000        1.2242180000         -0.4195650000       
1          1.2242180000         -0.4195650000        1.2742000000         -0.4194590000       
1          1.2742000000         -0.4194590000        1.3241820000         -0.4193540000       
1          1.3241820000         -0.4193540000        1.3741640000         -0.4192480000       
1          1.3741640000         -0.4192480000        1.4241460000         -0.4191430000       
1          1.4241460000         -0.4191430000        1.4741290000         -0.4190370000       
1          1.4741290000         -0.4190370000        1.5241110000         -0.4189310000       
1          1.5241110000         -0.4189310000        1.5740930000         -0.4188260000       
1          1.5740930000         -0.4188260000        1.6240750000         -0.4187200000       
1          1.6240750000         -0.4187200000        1.6740580000         -0.4186140000       
1          1.6740580000         -0.4186140000        1.7240400000         -0.4185090000       
1          1.7240400000         -0.4185090000        1.7740220000         -0.4184030000       
1          1.7740220000         -0.4184030000        1.8240040000         -0.4182980000       
1          1.8240040000         -0.4182980000        1.8739860000         -0.4181920000       
1          1.8739860000         -0.4181920000        1.9237980000         -0.4140870000       
1          1.9237980000         -0.4140870000        1.9736080000         -0.4099370000       
1          1.9736080000         -0.4099370000        2.0234180000         -0.4057880000       
1          2.0234180000         -0.4057880000        2.0732270000         -0.4016380000       
1          2.0732270000         -0.4016380000        2.1230370000         -0.3974880000       
1          2.1230370000         -0.3974880000        2.1728470000         -0.3933390000       
1          2.1728470000         -0.3933390000        2.2226570000         -0.3891890000       
1          2.2226570000         -0.3891890000        2.2724660000         -0.3850390000       
1          2.2724660000         -0.3850390000        2.3222760000         -0.3808900000       
1          2.3222760000         -0.3808900000        2.3720860000         -0.3767400000       
1          2.3720860000         -0.3767400000        2.4218960000         -0.3725900000       
1          2.4218960000         -0.3725900000        2.4717060000         -0.3684410000       
1          2.4717060000         -0.3684410000        2.5215150000         -0.3642910000       
1          2.5215150000         -0.3642910000        2.5713250000         -0.3601410000       
1          2.5713250000         -0.3601410000        2.6211350000         -0.3559920000       
1          2.6211350000         -0.3559920000        2.6709450000         -0.3518420000       
1          2.6709450000         -0.3518420000        2.7207540000         -0.3476920000       
1          2.7207540000         -0.3476920000        2.7705640000         -0.3435430000       
1          2.7705640000         -0.3435430000        2.8203740000         -0.3393930000       
1          2.8203740000         -0.3393930000        2.8701840000         -0.3352430000       
1          2.8701840000         -0.3352430000        2.9199940000         -0.3310940000       
1          2.9199940000         -0.3310940000        2.9698030000         -0.3269440000       
1          2.9698030000         -0.3269440000        3.0196130000         -0.3227940000       
1          3.0196130000         -0.3227940000        3.0694230000         -0.3186450000       
1          3.0694230000         -0.3186450000        3.1192330000         -0.3144950000       
1          3.1192330000         -0.3144950000        3.1690420000         -0.3103450000       
1          3.1690420000         -0.3103450000        3.2188520000         -0.3061960000       
1          3.2188520000         -0.3061960000        3.2686620000         -0.3020460000       
1          3.2686620000         -0.3020460000        3.3184720000         -0.2978960000       
1          3.3184720000         -0.2978960000        3.3682810000         -0.2937470000       
1          3.3682810000         -0.2937470000        3.4180910000         -0.2895970000       
1          3.4180910000         -0.2895970000        3.4679010000         -0.2854470000       
1          3.4679010000         -0.2854470000        3.5177110000         -0.2812980000       
1          3.5177110000         -0.2812980000        3.5675210000         -0.2771480000       
1          3.5675210000         -0.2771480000        3.6173300000         -0.2729980000       
1          3.6173300000         -0.2729980000        3.6671400000         -0.2688490000       
1          3.6671400000         -0.2688490000        3.7169500000         -0.2646990000       
1          3.7169500000         -0.2646990000        3.7667600000         -0.2605490000       
1          3.7667600000         -0.2605490000        3.8165690000         -0.2564000000       
1          3.8165690000         -0.2564000000        3.8663790000         -0.2522500000       
1          3.8663790000         -0.2522500000        3.9161890000         -0.2481000000       
1          3.9161890000         -0.2481000000        3.9659990000         -0.2439510000       
1          3.9659990000         -0.2439510000        4.0158090000         -0.2398010000       
1          4.0158090000         -0.2398010000        4.0656180000         -0.2356510000       
1          4.0656180000         -0.2356510000        4.1154280000         -0.2315020000       
1          4.1154280000         -0.2315020000        4.1652380000         -0.2273520000       
1          4.1652380000         -0.2273520000        4.2150480000         -0.2232020000       
1          4.2150480000         -0.2232020000        4.2648570000         -0.2190530000       
1          4.2648570000         -0.2190530000        4.3146670000         -0.2149030000       
1          4.3146670000         -0.2149030000        4.3644770000         -0.2107530000       
1          4.3644770000         -0.2107530000        4.4142870000         -0.2066040000       
1          4.4142870000         -0.2066040000        4.4640960000         -0.2024540000       
1          4.4640960000         -0.2024540000        4.5139060000         -0.1983040000       
1          4.5139060000         -0.1983040000        4.5637160000         -0.1941550000       
1          4.5637160000         -0.1941550000        4.6135260000         -0.1900050000       
1          4.6135260000         -0.1900050000        4.6633360000         -0.1858550000       
1          4.6633360000         -0.1858550000        4.7131450000         -0.1817060000       
1          4.7131450000         -0.1817060000        4.7629550000         -0.1775560000       
1          4.7629550000         -0.1775560000        4.8127650000         -0.1734060000       
1          4.8127650000         -0.1734060000        4.8625790000         -0.1693150000       
1          4.8625790000         -0.1693150000        4.9124530000         -0.1660250000       
1          4.9124530000         -0.1660250000        4.9623270000         -0.1627360000       
1          4.9623270000         -0.1627360000        5.0122010000         -0.1594460000       
1          5.0122010000         -0.1594460000        5.0620750000         -0.1561570000       
1          5.0620750000         -0.1561570000        5.1119490000         -0.1528680000       
1          5.1119490000         -0.1528680000        5.1618230000         -0.1495780000       
1          5.1618230000         -0.1495780000        5.2116970000         -0.1462890000       
1          5.2116970000         -0.1462890000        5.2615710000         -0.1429990000       
1          5.2615710000         -0.1429990000        5.3114450000         -0.1397100000       
1          5.3114450000         -0.1397100000        5.3613190000         -0.1364200000       
1          5.3613190000         -0.1364200000        5.4111930000         -0.1331310000       
1          5.4111930000         -0.1331310000        5.4610670000         -0.1298420000       
1          5.4610670000         -0.1298420000        5.5109410000         -0.1265520000       
1          5.5109410000         -0.1265520000        5.5608150000         -0.1232630000       
1          5.5608150000         -0.1232630000        5.6106890000         -0.1199730000       
1          5.6106890000         -0.1199730000        5.6605630000         -0.1166840000       
1          5.6605630000         -0.1166840000        5.7104360000         -0.1133940000       
1          5.7104360000         -0.1133940000        5.7603100000         -0.1101050000       
1          5.7603100000         -0.1101050000        5.8101840000         -0.1068160000       
1          5.8101840000         -0.1068160000        5.8600580000         -0.1035260000       
1          5.8600580000         -0.1035260000        5.9099320000         -0.1002370000       
1          5.9099320000         -0.1002370000        5.9598060000         -0.0969470000       
1          5.9598060000         -0.0969470000        6.0096800000         -0.0936580000       
1          6.0096800000         -0.0936580000        6.0595540000         -0.0903690000       
1          6.0595540000         -0.0903690000        6.1094280000         -0.0870790000       
1          6.1094280000         -0.0870790000        6.1593020000         -0.0837900000       
1          6.1593020000         -0.0837900000        6.2091760000         -0.0805000000       
1          6.2091760000         -0.0805000000        6.2590500000         -0.0772110000       
1          6.2590500000         -0.0772110000        6.3089240000         -0.0739210000       
1          6.3089240000         -0.0739210000        6.3587980000         -0.0706320000       
1          6.3587980000         -0.0706320000        6.4086720000         -0.0673430000       
1          6.4086720000         -0.0673430000        6.4585460000         -0.0640530000       
1          6.4585460000         -0.0640530000        6.5084200000         -0.0607640000       
1          6.5084200000         -0.0607640000        6.5582940000         -0.0574740000       
1          6.5582940000         -0.0574740000        6.6081680000         -0.0541850000       
1          6.6081680000         -0.0541850000        6.6580420000         -0.0508960000       
1          6.6580420000         -0.0508960000        6.7079160000         -0.0476060000       
1          6.7079160000         -0.0476060000        6.7577900000         -0.0443170000       
1          6.7577900000         -0.0443170000        6.8076640000         -0.0410270000       
1          6.8076640000         -0.0410270000        6.8575380000         -0.0377380000       
1          6.8575380000         -0.0377380000        6.9074120000         -0.0344480000       
1          6.9074120000         -0.0344480000        6.9572860000         -0.0311590000       
1          6.9572860000         -0.0311590000        7.0071600000         -0.0278700000       
1          7.0071600000         -0.0278700000        7.0570340000         -0.0245800000       
1          7.0570340000         -0.0245800000        7.1069080000         -0.0212910000       
1          7.1069080000         -0.0212910000        7.1567820000         -0.0180010000       
1          7.1567820000         -0.0180010000        7.2066560000         -0.0147120000       
1          7.2066560000         -0.0147120000        7.2565300000         -0.0114230000       
1          7.2565300000         -0.0114230000        7.3064040000         -0.0081300000       
1          7.3064040000         -0.0081300000        7.3562780000         -0.0048400000       
1          7.3562780000         -0.0048400000        7.4061510000         -0.0015500000       
1          7.4061510000         -0.0015500000        7.4560250000         0.0017350000        
1          7.4560250000         0.0017350000         7.5058990000         0.0050250000        
1          7.5058990000         0.0050250000         7.5557730000         0.0083140000        
1          7.5557730000         0.0083140000         7.6056470000         0.0116034000        
1          7.6056470000         0.0116034000         7.6555210000         0.0148928000        
1          7.6555210000         0.0148928000         7.7053950000         0.0181823000        
1          7.7053950000         0.0181823000         7.7552690000         0.0214717000        
1          7.7552690000         0.0214717000         7.8051430000         0.0247611000        
1          7.8051430000         0.0247611000         7.8550170000         0.0280505000        
1          7.8550170000         0.0280505000         7.9048910000         0.0313399000        
1          7.9048910000         0.0313399000         7.9547650000         0.0346293000        
1          7.9547650000         0.0346293000         8.0046390000         0.0379188000        
1          8.0046390000         0.0379188000         8.0545130000         0.0412082000        
1          8.0545130000         0.0412082000         8.1044650000         0.0427914000        
1          8.1044650000         0.0427914000         8.1544310000         0.0440673000        
1          8.1544310000         0.0440673000         8.2043970000         0.0453433000        
1          8.2043970000         0.0453433000         8.2543630000         0.0466192000        
1          8.2543630000         0.0466192000         8.3043290000         0.0478952000        
1          8.3043290000         0.0478952000         8.3542950000         0.0491711000        
1          8.3542950000         0.0491711000         8.4042610000         0.0504470000        
1          8.4042610000         0.0504470000         8.4542270000         0.0517230000        
1          8.4542270000         0.0517230000         8.5041930000         0.0529989000        
1          8.5041930000         0.0529989000         8.5541590000         0.0542749000        
1          8.5541590000         0.0542749000         8.6041250000         0.0555508000        
1          8.6041250000         0.0555508000         8.6540920000         0.0568268000        
1          8.6540920000         0.0568268000         8.7040580000         0.0581027000        
1          8.7040580000         0.0581027000         8.7540240000         0.0593787000        
1          8.7540240000         0.0593787000         8.8039900000         0.0606546000        
1          8.8039900000         0.0606546000         8.8539560000         0.0619306000        
1          8.8539560000         0.0619306000         8.9039220000         0.0632065000        
1          8.9039220000         0.0632065000         8.9538880000         0.0644825000        
1          8.9538880000         0.0644825000         9.0038540000         0.0657584000        
1          9.0038540000         0.0657584000         9.0538200000         0.0670344000        
1          9.0538200000         0.0670344000         9.1037860000         0.0683103000        
1          9.1037860000         0.0683103000         9.1537520000         0.0695863000        
1          9.1537520000         0.0695863000         9.2037180000         0.0708622000        
1          9.2037180000         0.0708622000         9.2536840000         0.0721381000        
1          9.2536840000         0.0721381000         9.3036500000         0.0734141000        
1          9.3036500000         0.0734141000         9.3536160000         0.0746900000        
1          9.3536160000         0.0746900000         9.4035820000         0.0759660000        
1          9.4035820000         0.0759660000         9.4535480000         0.0772419000        
1          9.4535480000         0.0772419000         9.5035140000         0.0785179000        
1          9.5035140000         0.0785179000         9.5534800000         0.0797938000        
1          9.5534800000         0.0797938000         9.6034460000         0.0810698000        
1          9.6034460000         0.0810698000         9.6534120000         0.0823457000        
1          9.6534120000         0.0823457000         9.7033780000         0.0836217000        
1          9.7033780000         0.0836217000         9.7533440000         0.0848976000        
1          9.7533440000         0.0848976000         9.8033100000         0.0861736000        
1          9.8033100000         0.0861736000         9.8532770000         0.0874495000        
1          9.8532770000         0.0874495000         9.9032430000         0.0887255000        
1          9.9032430000         0.0887255000         9.9532090000         0.0900014000        
1          9.9532090000         0.0900014000         10.0031700000        0.0912774000        
1          10.0031700000        0.0912774000         10.0531400000        0.0925533000        
1          10.0531400000        0.0925533000         10.1031100000        0.0938293000        
1          10.1031100000        0.0938293000         10.1530700000        0.0951052000        
1          10.1530700000        0.0951052000         10.2030400000        0.0963811000        
1          10.2030400000        0.0963811000         10.2530000000        0.0976571000        
1          10.2530000000        0.0976571000         10.3029700000        0.0989330000        
1          10.3029700000        0.0989330000         10.3529400000        0.1002090000        
1          10.3529400000        0.1002090000         10.4029000000        0.1014849000        
1          10.4029000000        0.1014849000         10.4528700000        0.1027609000        
1          10.4528700000        0.1027609000         10.5028400000        0.1040368000        
1          10.5028400000        0.1040368000         10.5528000000        0.1053128000        
1          10.5528000000        0.1053128000         10.6027700000        0.1065887000        
1          10.6027700000        0.1065887000         10.6527300000        0.1078647000        
1          10.6527300000        0.1078647000         10.7027000000        0.1091406000        
1          10.7027000000        0.1091406000         10.7526700000        0.1104166000        
1          10.7526700000        0.1104166000         10.8026300000        0.1116925000        
1          10.8026300000        0.1116925000         10.8526000000        0.1129685000        
1          10.8526000000        0.1129685000         10.9025600000        0.1142444000        
1          10.9025600000        0.1142444000         10.9525300000        0.1155204000        
1          10.9525300000        0.1155204000         11.0025000000        0.1167963000        
1          11.0025000000        0.1167963000         11.0524600000        0.1180722000        
1          11.0524600000        0.1180722000         11.1024300000        0.1193482000        
1          11.1024300000        0.1193482000         11.1523900000        0.1206241000        
1          11.1523900000        0.1206241000         11.2023600000        0.1219001000        
1          11.2023600000        0.1219001000         11.2523300000        0.1231760000        
1          11.2523300000        0.1231760000         11.3022900000        0.1244520000        
1          11.3022900000        0.1244520000         11.3522600000        0.1257279000        
1          11.3522600000        0.1257279000         11.4022200000        0.1270039000        
1          11.4022200000        0.1270039000         11.4521900000        0.1282798000        
1          11.4521900000        0.1282798000         11.5021600000        0.1295558000        
1          11.5021600000        0.1295558000         11.5521200000        0.1308317000        
1          11.5521200000        0.1308317000         11.6020900000        0.1321077000        
1          11.6020900000        0.1321077000         11.6520500000        0.1333836000        
1          11.6520500000        0.1333836000         11.7020200000        0.1346596000        
1          11.7020200000        0.1346596000         11.7519900000        0.1359355000        
1          11.7519900000        0.1359355000         11.8019500000        0.1372115000        
1          11.8019500000        0.1372115000         11.8519200000        0.1384874000        
1          11.8519200000        0.1384874000         11.9018800000        0.1397633000        
1          11.9018800000        0.1397633000         11.9518500000        0.1410393000        
1          11.9518500000        0.1410393000         12.0018200000        0.1423152000        
1          12.0018200000        0.1423152000         12.0517800000        0.1435912000        
1          12.0517800000        0.1435912000         12.1017500000        0.1448671000        
1          12.1017500000        0.1448671000         12.1517100000        0.1461431000        
1          12.1517100000        0.1461431000         12.2016800000        0.1474190000        
1          12.2016800000        0.1474190000         12.2516500000        0.1486950000        
1          12.2516500000        0.1486950000         12.3016100000        0.1499709000        
1          12.3016100000        0.1499709000         12.3515800000        0.1512469000        
1          12.3515800000        0.1512469000         12.4015400000        0.1525228000        
1          12.4015400000        0.1525228000         12.4515100000        0.1537988000        
1          12.4515100000        0.1537988000         12.5014800000        0.1550747000        
1          12.5014800000        0.1550747000         12.5514400000        0.1563507000        
1          12.5514400000        0.1563507000         12.6014100000        0.1576266000        
1          12.6014100000        0.1576266000         12.6513700000        0.1589026000        
1          12.6513700000        0.1589026000         12.7013400000        0.1601785000        
1          12.7013400000        0.1601785000         12.7513100000        0.1614545000        
1          12.7513100000        0.1614545000         12.8012700000        0.1627304000        
1          12.8012700000        0.1627304000         12.8512400000        0.1640063000        
1          12.8512400000        0.1640063000         12.9012000000        0.1652823000        
1          12.9012000000        0.1652823000         12.9511700000        0.1665582000        
1          12.9511700000        0.1665582000         13.0011400000        0.1678342000        
1          13.0011400000        0.1678342000         13.0511100000        0.1684824000        
1          13.0511100000        0.1684824000         13.1010800000        0.1676734000        
1          13.1010800000        0.1676734000         13.1510600000        0.1668644000        
1          13.1510600000        0.1668644000         13.2010300000        0.1660554000        
1          13.2010300000        0.1660554000         13.2510100000        0.1652464000        
1          13.2510100000        0.1652464000         13.3009800000        0.1644373000        
1          13.3009800000        0.1644373000         13.3509600000        0.1636283000        
1          13.3509600000        0.1636283000         13.4009400000        0.1628193000        
1          13.4009400000        0.1628193000         13.4509100000        0.1620103000        
1          13.4509100000        0.1620103000         13.5008900000        0.1612013000        
1          13.5008900000        0.1612013000         13.5508600000        0.1603922000        
1          13.5508600000        0.1603922000         13.6008400000        0.1595832000        
1          13.6008400000        0.1595832000         13.6508200000        0.1587742000        
1          13.6508200000        0.1587742000         13.7007900000        0.1579652000        
1          13.7007900000        0.1579652000         13.7507700000        0.1571562000        
1          13.7507700000        0.1571562000         13.8007400000        0.1563471000        
1          13.8007400000        0.1563471000         13.8507200000        0.1555381000        
1          13.8507200000        0.1555381000         13.9006900000        0.1547291000        
1          13.9006900000        0.1547291000         13.9506700000        0.1539201000        
1          13.9506700000        0.1539201000         14.0006500000        0.1531111000        
1          14.0006500000        0.1531111000         14.0506200000        0.1523020000        
1          14.0506200000        0.1523020000         14.1006000000        0.1514930000        
1          14.1006000000        0.1514930000         14.1505700000        0.1506840000        
1          14.1505700000        0.1506840000         14.2005500000        0.1498750000        
1          14.2005500000        0.1498750000         14.2505200000        0.1490660000        
1          14.2505200000        0.1490660000         14.3005000000        0.1482569000        
1          14.3005000000        0.1482569000         14.3504800000        0.1474479000        
1          14.3504800000        0.1474479000         14.4004500000        0.1466389000        
1          14.4004500000        0.1466389000         14.4504300000        0.1458299000        
1          14.4504300000        0.1458299000         14.5004000000        0.1450209000        
1          14.5004000000        0.1450209000         14.5503800000        0.1442118000        
1          14.5503800000        0.1442118000         14.6003600000        0.1434028000        
1          14.6003600000        0.1434028000         14.6503300000        0.1425938000        
1          14.6503300000        0.1425938000         14.7003100000        0.1417848000        
1          14.7003100000        0.1417848000         14.7502800000        0.1409758000        
1          14.7502800000        0.1409758000         14.8002600000        0.1401667000        
1          14.8002600000        0.1401667000         14.8502300000        0.1393577000        
1          14.8502300000        0.1393577000         14.9002100000        0.1385487000        
1          14.9002100000        0.1385487000         14.9501900000        0.1377397000        
1          14.9501900000        0.1377397000         15.0001600000        0.1369307000        
1          15.0001600000        0.1369307000         15.0501400000        0.1361216000        
1          15.0501400000        0.1361216000         15.1001100000        0.1353126000        
1          15.1001100000        0.1353126000         15.1500900000        0.1345036000        
1          15.1500900000        0.1345036000         15.2000600000        0.1336946000        
1          15.2000600000        0.1336946000         15.2500400000        0.1328856000        
1          15.2500400000        0.1328856000         15.3000200000        0.1320765000        
1          15.3000200000        0.1320765000         15.3499900000        0.1312675000        
1          15.3499900000        0.1312675000         15.3999700000        0.1304585000        
1          15.3999700000        0.1304585000         15.4499400000        0.1296495000        
1          15.4499400000        0.1296495000         15.4999200000        0.1288405000        
1          15.4999200000        0.1288405000         15.5499000000        0.1280314000        
1          15.5499000000        0.1280314000         15.5998700000        0.1272224000        
1          15.5998700000        0.1272224000         15.6498500000        0.1264134000        
1          15.6498500000        0.1264134000         15.6998200000        0.1256044000        
1          15.6998200000        0.1256044000         15.7498000000        0.1247954000        
1          15.7498000000        0.1247954000         15.7997700000        0.1239864000        
1          15.7997700000        0.1239864000         15.8497500000        0.1231773000        
1          15.8497500000        0.1231773000         15.8997300000        0.1223683000        
1          15.8997300000        0.1223683000         15.9497000000        0.1215593000        
1          15.9497000000        0.1215593000         15.9996800000        0.1207503000        
1          15.9996800000        0.1207503000         16.0496500000        0.1199413000        
1          16.0496500000        0.1199413000         16.0996300000        0.1191322000        
1          16.0996300000        0.1191322000         16.1496000000        0.1183232000        
1          16.1496000000        0.1183232000         16.1995800000        0.1175142000        
1          16.1995800000        0.1175142000         16.2495600000        0.1167052000        
1          16.2495600000        0.1167052000         16.2995300000        0.1158962000        
1          16.2995300000        0.1158962000         16.3495100000        0.1150871000        
1          16.3495100000        0.1150871000         16.3994800000        0.1142781000        
1          16.3994800000        0.1142781000         16.4494600000        0.1134691000        
1          16.4494600000        0.1134691000         16.4994300000        0.1126601000        
1          16.4994300000        0.1126601000         16.5494100000        0.1118511000        
1          16.5494100000        0.1118511000         16.5993900000        0.1110420000        
1          16.5993900000        0.1110420000         16.6493600000        0.1102330000        
1          16.6493600000        0.1102330000         16.6993400000        0.1094240000        
1          16.6993400000        0.1094240000         16.7493100000        0.1086150000        
1          16.7493100000        0.1086150000         16.7992900000        0.1078060000        
1          16.7992900000        0.1078060000         16.8492700000        0.1069969000        
1          16.8492700000        0.1069969000         16.8992400000        0.1061879000        
1          16.8992400000        0.1061879000         16.9492200000        0.1053789000        
1          16.9492200000        0.1053789000         16.9991900000        0.1045699000        
1          16.9991900000        0.1045699000         17.0491700000        0.1037609000        
1          17.0491700000        0.1037609000         17.0991400000        0.1029518000        
1          17.0991400000        0.1029518000         17.1491200000        0.1021428000        
1          17.1491200000        0.1021428000         17.1991000000        0.1013338000        
1          17.1991000000        0.1013338000         17.2490700000        0.1005248000        
1          17.2490700000        0.1005248000         17.2990500000        0.0997158000        
1          17.2990500000        0.0997158000         17.3490200000        0.0989067000        
1          17.3490200000        0.0989067000         17.3990000000        0.0980977000        
1          17.3990000000        0.0980977000         17.4489700000        0.0972887000        
1          17.4489700000        0.0972887000         17.4989500000        0.0964797000        
1          17.4989500000        0.0964797000         17.5489300000        0.0956707000        
1          17.5489300000        0.0956707000         17.5989000000        0.0948616000        
1          17.5989000000        0.0948616000         17.6488500000        0.0931996000        
1          17.6488500000        0.0931996000         17.6987700000        0.0906909000        
1          17.6987700000        0.0906909000         17.7486900000        0.0881821000        
1          17.7486900000        0.0881821000         17.7986100000        0.0856734000        
1          17.7986100000        0.0856734000         17.8485300000        0.0831647000        
1          17.8485300000        0.0831647000         17.8984500000        0.0806559000        
1          17.8984500000        0.0806559000         17.9483700000        0.0781472000        
1          17.9483700000        0.0781472000         17.9982800000        0.0756385000        
1          17.9982800000        0.0756385000         18.0482000000        0.0731298000        
1          18.0482000000        0.0731298000         18.0981200000        0.0706210000        
1          18.0981200000        0.0706210000         18.1480400000        0.0681123000        
1          18.1480400000        0.0681123000         18.1979600000        0.0656036000        
1          18.1979600000        0.0656036000         18.2478800000        0.0630949000        
1          18.2478800000        0.0630949000         18.2978000000        0.0605861000        
1          18.2978000000        0.0605861000         18.3477200000        0.0580774000        
1          18.3477200000        0.0580774000         18.3976400000        0.0555687000        
1          18.3976400000        0.0555687000         18.4475600000        0.0530599000        
1          18.4475600000        0.0530599000         18.4974800000        0.0505512000        
1          18.4974800000        0.0505512000         18.5474000000        0.0480425000        
1          18.5474000000        0.0480425000         18.5973200000        0.0455338000        
1          18.5973200000        0.0455338000         18.6472400000        0.0430250000        
1          18.6472400000        0.0430250000         18.6971600000        0.0405163000        
1          18.6971600000        0.0405163000         18.7470700000        0.0380076000        
1          18.7470700000        0.0380076000         18.7969900000        0.0354989000        
1          18.7969900000        0.0354989000         18.8469100000        0.0329901000        
1          18.8469100000        0.0329901000         18.8968300000        0.0304814000        
1          18.8968300000        0.0304814000         18.9467500000        0.0279727000        
1          18.9467500000        0.0279727000         18.9966700000        0.0254639000        
1          18.9966700000        0.0254639000         19.0465900000        0.0229552000        
1          19.0465900000        0.0229552000         19.0965100000        0.0204465000        
1          19.0965100000        0.0204465000         19.1464300000        0.0179378000        
1          19.1464300000        0.0179378000         19.1963500000        0.0154290000        
1          19.1963500000        0.0154290000         19.2462700000        0.0129203000        
1          19.2462700000        0.0129203000         19.2961900000        0.0104116000        
1          19.2961900000        0.0104116000         19.3461100000        0.0079030000        
1          19.3461100000        0.0079030000         19.3960300000        0.0053940000        
1          19.3960300000        0.0053940000         19.4459500000        0.0028850000        
1          19.4459500000        0.0028850000         19.4958600000        0.0003767000        
1          19.4958600000        0.0003767000         19.5457800000        -0.0021300000       
1          19.5457800000        -0.0021300000        19.5957000000        -0.0046400000       
1          19.5957000000        -0.0046400000        19.6456200000        -0.0071500000       
1          19.6456200000        -0.0071500000        19.6955400000        -0.0096600000       
1          19.6955400000        -0.0096600000        19.7454600000        -0.0121670000       
1          19.7454600000        -0.0121670000        19.7953800000        -0.0146760000       
1          19.7953800000        -0.0146760000        19.8453000000        -0.0171840000       
1          19.8453000000        -0.0171840000        19.8952200000        -0.0196930000       
1          19.8952200000        -0.0196930000        19.9451400000        -0.0222020000       
1          19.9451400000        -0.0222020000        19.9950600000        -0.0247110000       
1          19.9950600000        -0.0247110000        20.0049400000        0.0247106000        
