         3      0.1843685829E-01        0.1848142092E-01        0.1600000000E-02
         3      0.1921731297E-01        0.6044869948E-01        0.1600000000E-02
         3      0.1835520144E-01        0.1001238268E+00        0.1600000000E-02
         3      0.1891661314E-01        0.1403005021E+00        0.1600000000E-02
         3      0.1896876875E-01        0.1803409615E+00        0.1600000000E-02
         3      0.1876562580E-01        0.2201771997E+00        0.1600000000E-02
         3      0.1893239068E-01        0.2602134373E+00        0.1600000000E-02
         3      0.1884604022E-01        0.3001434289E+00        0.1600000000E-02
         3      0.1886493145E-01        0.3401155806E+00        0.1600000000E-02
         3      0.1887211253E-01        0.3800906157E+00        0.1600000000E-02
         3      0.1886043738E-01        0.4200579208E+00        0.1600000000E-02
         3      0.1886788343E-01        0.4600348118E+00        0.1600000000E-02
         3      0.1886446160E-01        0.5000082845E+00        0.1600000000E-02
         3      0.1886834160E-01        0.5399820965E+00        0.1600000000E-02
         3      0.1886128973E-01        0.5799599150E+00        0.1600000000E-02
         3      0.1887348766E-01        0.6199287617E+00        0.1600000000E-02
         3      0.1886709423E-01        0.6599058790E+00        0.1600000000E-02
         3      0.1884894725E-01        0.6998803509E+00        0.1600000000E-02
         3      0.1893587069E-01        0.7398126584E+00        0.1600000000E-02
         3      0.1877124751E-01        0.7798509263E+00        0.1600000000E-02
         3      0.1897694930E-01        0.8196874451E+00        0.1600000000E-02
         3      0.1892823703E-01        0.8597244290E+00        0.1600000000E-02
         3      0.1836892729E-01        0.8998946161E+00        0.1600000000E-02
         3      0.1922992550E-01        0.9395642583E+00        0.1600000000E-02
         3      0.1846223413E-01        0.9815123455E+00        0.1600000000E-02
         3      0.6033764239E-01        0.1924907689E-01        0.1600000000E-02
         3      0.6063683652E-01        0.6073960128E-01        0.1600000000E-02
         3      0.6026664564E-01        0.1002518613E+00        0.1600000000E-02
         3      0.6051731465E-01        0.1400900656E+00        0.1600000000E-02
         3      0.6072894715E-01        0.1802962108E+00        0.1600000000E-02
         3      0.6052397955E-01        0.2201637861E+00        0.1600000000E-02
         3      0.6064279494E-01        0.2602082891E+00        0.1600000000E-02
         3      0.6059390897E-01        0.3001843245E+00        0.1600000000E-02
         3      0.6059710902E-01        0.3401584403E+00        0.1600000000E-02
         3      0.6060487983E-01        0.3801394659E+00        0.1600000000E-02
         3      0.6059565418E-01        0.4201073800E+00        0.1600000000E-02
         3      0.6060083671E-01        0.4600782073E+00        0.1600000000E-02
         3      0.6059803584E-01        0.5000461609E+00        0.1600000000E-02
         3      0.6060049423E-01        0.5400138411E+00        0.1600000000E-02
         3      0.6059503243E-01        0.5799838224E+00        0.1600000000E-02
         3      0.6060397943E-01        0.6199502756E+00        0.1600000000E-02
         3      0.6059621838E-01        0.6599291751E+00        0.1600000000E-02
         3      0.6059365159E-01        0.6999003641E+00        0.1600000000E-02
         3      0.6064272969E-01        0.7398725603E+00        0.1600000000E-02
         3      0.6052621442E-01        0.7799118703E+00        0.1600000000E-02
         3      0.6073435779E-01        0.8197736974E+00        0.1600000000E-02
         3      0.6053250772E-01        0.8599682138E+00        0.1600000000E-02
         3      0.6028421395E-01        0.8997867830E+00        0.1600000000E-02
         3      0.6065103893E-01        0.9392897886E+00        0.1600000000E-02
         3      0.6037186032E-01        0.9807517243E+00        0.1600000000E-02
         3      0.9995744335E-01        0.1837997825E-01        0.1600000000E-02
         3      0.1000627684E+00        0.6036428106E-01        0.1600000000E-02
         3      0.9982371306E-01        0.1000117992E+00        0.1600000000E-02
         3      0.9994291464E-01        0.1400605635E+00        0.1600000000E-02
         3      0.1001159013E+00        0.1802556757E+00        0.1600000000E-02
         3      0.1000252927E+00        0.2201962064E+00        0.1600000000E-02
         3      0.1001050708E+00        0.2602266530E+00        0.1600000000E-02
         3      0.1000795264E+00        0.3001892104E+00        0.1600000000E-02
         3      0.1000945975E+00        0.3401676130E+00        0.1600000000E-02
         3      0.1000961561E+00        0.3801342880E+00        0.1600000000E-02
         3      0.1000943889E+00        0.4201037521E+00        0.1600000000E-02
         3      0.1000986345E+00        0.4600741931E+00        0.1600000000E-02
         3      0.1000960881E+00        0.5000439633E+00        0.1600000000E-02
         3      0.1000992047E+00        0.5400135909E+00        0.1600000000E-02
         3      0.1000956329E+00        0.5799835174E+00        0.1600000000E-02
         3      0.1000981260E+00        0.6199521077E+00        0.1600000000E-02
         3      0.1000977568E+00        0.6599175070E+00        0.1600000000E-02
         3      0.1000844328E+00        0.6998940518E+00        0.1600000000E-02
         3      0.1001117829E+00        0.7398540488E+00        0.1600000000E-02
         3      0.1000359640E+00        0.7798803191E+00        0.1600000000E-02
         3      0.1001323744E+00        0.8198154858E+00        0.1600000000E-02
         3      0.9998015745E-01        0.8599996508E+00        0.1600000000E-02
         3      0.9986228341E-01        0.9000271123E+00        0.1600000000E-02
         3      0.1001040548E+00        0.9396601171E+00        0.1600000000E-02
         3      0.1000103517E+00        0.9816161962E+00        0.1600000000E-02
         3      0.1400772105E+00        0.1894059884E-01        0.1600000000E-02
         3      0.1398032555E+00        0.6062285179E-01        0.1600000000E-02
         3      0.1397754190E+00        0.1001418749E+00        0.1600000000E-02
         3      0.1398002006E+00        0.1400974649E+00        0.1600000000E-02
         3      0.1400104272E+00        0.1802579219E+00        0.1600000000E-02
         3      0.1399697242E+00        0.2201396722E+00        0.1600000000E-02
         3      0.1400431863E+00        0.2601880492E+00        0.1600000000E-02
         3      0.1400371080E+00        0.3001576132E+00        0.1600000000E-02
         3      0.1400505525E+00        0.3401436850E+00        0.1600000000E-02
         3      0.1400573643E+00        0.3801252542E+00        0.1600000000E-02
         3      0.1400558891E+00        0.4200980060E+00        0.1600000000E-02
         3      0.1400598400E+00        0.4600722430E+00        0.1600000000E-02
         3      0.1400589123E+00        0.5000431826E+00        0.1600000000E-02
         3      0.1400604061E+00        0.5400140229E+00        0.1600000000E-02
         3      0.1400571480E+00        0.5799879708E+00        0.1600000000E-02
         3      0.1400593478E+00        0.6199603105E+00        0.1600000000E-02
         3      0.1400538326E+00        0.6599412540E+00        0.1600000000E-02
         3      0.1400423460E+00        0.6999263981E+00        0.1600000000E-02
         3      0.1400511531E+00        0.7398945547E+00        0.1600000000E-02
         3      0.1399839678E+00        0.7799396420E+00        0.1600000000E-02
         3      0.1400313919E+00        0.8198155397E+00        0.1600000000E-02
         3      0.1398534603E+00        0.8599660180E+00        0.1600000000E-02
         3      0.1398292363E+00        0.8999017575E+00        0.1600000000E-02
         3      0.1398645498E+00        0.9394083721E+00        0.1600000000E-02
         3      0.1401487636E+00        0.9810575306E+00        0.1600000000E-02
         3      0.1800712089E+00        0.1897925420E-01        0.1600000000E-02
         3      0.1799349876E+00        0.6079262543E-01        0.1600000000E-02
         3      0.1799002014E+00        0.1002293787E+00        0.1600000000E-02
         3      0.1798901979E+00        0.1401842661E+00        0.1600000000E-02
         3      0.1800540110E+00        0.1802620754E+00        0.1600000000E-02
         3      0.1800686149E+00        0.2201275543E+00        0.1600000000E-02
         3      0.1800957695E+00        0.2601532105E+00        0.1600000000E-02
         3      0.1801043550E+00        0.3001153363E+00        0.1600000000E-02
         3      0.1801168105E+00        0.3401043924E+00        0.1600000000E-02
         3      0.1801239994E+00        0.3800901346E+00        0.1600000000E-02
         3      0.1801274776E+00        0.4200728339E+00        0.1600000000E-02
         3      0.1801311541E+00        0.4600569209E+00        0.1600000000E-02
         3      0.1801321821E+00        0.5000391999E+00        0.1600000000E-02
         3      0.1801321407E+00        0.5400210851E+00        0.1600000000E-02
         3      0.1801296438E+00        0.5800040761E+00        0.1600000000E-02
         3      0.1801272994E+00        0.6199849459E+00        0.1600000000E-02
         3      0.1801218407E+00        0.6599679171E+00        0.1600000000E-02
         3      0.1801116592E+00        0.6999539456E+00        0.1600000000E-02
         3      0.1801065742E+00        0.7399129483E+00        0.1600000000E-02
         3      0.1800869018E+00        0.7799342055E+00        0.1600000000E-02
         3      0.1800796759E+00        0.8197970848E+00        0.1600000000E-02
         3      0.1799587660E+00        0.8598671973E+00        0.1600000000E-02
         3      0.1799676544E+00        0.8998054776E+00        0.1600000000E-02
         3      0.1800149689E+00        0.9392365004E+00        0.1600000000E-02
         3      0.1801629725E+00        0.9810166554E+00        0.1600000000E-02
         3      0.2198733436E+00        0.1876130744E-01        0.1600000000E-02
         3      0.2197504013E+00        0.6057104952E-01        0.1600000000E-02
         3      0.2197869397E+00        0.1001150132E+00        0.1600000000E-02
         3      0.2197123912E+00        0.1401210555E+00        0.1600000000E-02
         3      0.2199012849E+00        0.1802580937E+00        0.1600000000E-02
         3      0.2199241384E+00        0.2201376368E+00        0.1600000000E-02
         3      0.2199408063E+00        0.2601796559E+00        0.1600000000E-02
         3      0.2199497485E+00        0.3001333140E+00        0.1600000000E-02
         3      0.2199615031E+00        0.3401190682E+00        0.1600000000E-02
         3      0.2199675929E+00        0.3800994760E+00        0.1600000000E-02
         3      0.2199716602E+00        0.4200774108E+00        0.1600000000E-02
         3      0.2199756092E+00        0.4600598197E+00        0.1600000000E-02
         3      0.2199767170E+00        0.5000397488E+00        0.1600000000E-02
         3      0.2199772821E+00        0.5400193861E+00        0.1600000000E-02
         3      0.2199752118E+00        0.5800008737E+00        0.1600000000E-02
         3      0.2199727857E+00        0.6199773365E+00        0.1600000000E-02
         3      0.2199694437E+00        0.6599558322E+00        0.1600000000E-02
         3      0.2199598265E+00        0.6999390857E+00        0.1600000000E-02
         3      0.2199543680E+00        0.7398902402E+00        0.1600000000E-02
         3      0.2199469417E+00        0.7799285278E+00        0.1600000000E-02
         3      0.2199299812E+00        0.8198042419E+00        0.1600000000E-02
         3      0.2197969314E+00        0.8599317526E+00        0.1600000000E-02
         3      0.2198644163E+00        0.8999161365E+00        0.1600000000E-02
         3      0.2198445607E+00        0.9394624547E+00        0.1600000000E-02
         3      0.2199919725E+00        0.9812381995E+00        0.1600000000E-02
         3      0.2598853813E+00        0.1892139692E-01        0.1600000000E-02
         3      0.2597493170E+00        0.6068066657E-01        0.1600000000E-02
         3      0.2597625296E+00        0.1001846901E+00        0.1600000000E-02
         3      0.2597034950E+00        0.1401882728E+00        0.1600000000E-02
         3      0.2599018536E+00        0.1802796658E+00        0.1600000000E-02
         3      0.2599390107E+00        0.2201515538E+00        0.1600000000E-02
         3      0.2599485146E+00        0.2601856984E+00        0.1600000000E-02
         3      0.2599644606E+00        0.3001395650E+00        0.1600000000E-02
         3      0.2599716448E+00        0.3401241502E+00        0.1600000000E-02
         3      0.2599780534E+00        0.3801045211E+00        0.1600000000E-02
         3      0.2599821927E+00        0.4200814059E+00        0.1600000000E-02
         3      0.2599852155E+00        0.4600621451E+00        0.1600000000E-02
         3      0.2599870433E+00        0.5000405921E+00        0.1600000000E-02
         3      0.2599873909E+00        0.5400187559E+00        0.1600000000E-02
         3      0.2599865648E+00        0.5799986427E+00        0.1600000000E-02
         3      0.2599844576E+00        0.6199742109E+00        0.1600000000E-02
         3      0.2599813281E+00        0.6599529551E+00        0.1600000000E-02
         3      0.2599759519E+00        0.6999351127E+00        0.1600000000E-02
         3      0.2599643322E+00        0.7398871539E+00        0.1600000000E-02
         3      0.2599647989E+00        0.7799189203E+00        0.1600000000E-02
         3      0.2599351843E+00        0.8197872636E+00        0.1600000000E-02
         3      0.2598040255E+00        0.8598664072E+00        0.1600000000E-02
         3      0.2598553221E+00        0.8998493025E+00        0.1600000000E-02
         3      0.2598443769E+00        0.9393597473E+00        0.1600000000E-02
         3      0.2600341557E+00        0.9810803076E+00        0.1600000000E-02
         3      0.2997933357E+00        0.1882809006E-01        0.1600000000E-02
         3      0.2996836945E+00        0.6061834213E-01        0.1600000000E-02
         3      0.2996618282E+00        0.1001434472E+00        0.1600000000E-02
         3      0.2996093166E+00        0.1401762755E+00        0.1600000000E-02
         3      0.2998344822E+00        0.1802845339E+00        0.1600000000E-02
         3      0.2998679736E+00        0.2201518689E+00        0.1600000000E-02
         3      0.2998749021E+00        0.2601933334E+00        0.1600000000E-02
         3      0.2998897554E+00        0.3001446557E+00        0.1600000000E-02
         3      0.2998974207E+00        0.3401294640E+00        0.1600000000E-02
         3      0.2999027994E+00        0.3801087875E+00        0.1600000000E-02
         3      0.2999079247E+00        0.4200845920E+00        0.1600000000E-02
         3      0.2999107628E+00        0.4600643738E+00        0.1600000000E-02
         3      0.2999128281E+00        0.5000416793E+00        0.1600000000E-02
         3      0.2999134872E+00        0.5400187247E+00        0.1600000000E-02
         3      0.2999130146E+00        0.5799976579E+00        0.1600000000E-02
         3      0.2999107080E+00        0.6199723935E+00        0.1600000000E-02
         3      0.2999085210E+00        0.6599497914E+00        0.1600000000E-02
         3      0.2999027444E+00        0.6999326072E+00        0.1600000000E-02
         3      0.2998939229E+00        0.7398829395E+00        0.1600000000E-02
         3      0.2998918310E+00        0.7799205010E+00        0.1600000000E-02
         3      0.2998724357E+00        0.8197923888E+00        0.1600000000E-02
         3      0.2997356672E+00        0.8598901387E+00        0.1600000000E-02
         3      0.2997664243E+00        0.8998861107E+00        0.1600000000E-02
         3      0.2997681102E+00        0.9394389785E+00        0.1600000000E-02
         3      0.2999993399E+00        0.9811821916E+00        0.1600000000E-02
         3      0.3397563047E+00        0.1883136953E-01        0.1600000000E-02
         3      0.3396202685E+00        0.6060720158E-01        0.1600000000E-02
         3      0.3395686813E+00        0.1001427295E+00        0.1600000000E-02
         3      0.3395267980E+00        0.1401876543E+00        0.1600000000E-02
         3      0.3397967241E+00        0.1803032931E+00        0.1600000000E-02
         3      0.3398293027E+00        0.2201671548E+00        0.1600000000E-02
         3      0.3398324721E+00        0.2602024394E+00        0.1600000000E-02
         3      0.3398493278E+00        0.3001542174E+00        0.1600000000E-02
         3      0.3398554513E+00        0.3401356201E+00        0.1600000000E-02
         3      0.3398607889E+00        0.3801134705E+00        0.1600000000E-02
         3      0.3398657071E+00        0.4200879804E+00        0.1600000000E-02
         3      0.3398685712E+00        0.4600666714E+00        0.1600000000E-02
         3      0.3398707552E+00        0.5000429917E+00        0.1600000000E-02
         3      0.3398716254E+00        0.5400190193E+00        0.1600000000E-02
         3      0.3398713329E+00        0.5799972398E+00        0.1600000000E-02
         3      0.3398696368E+00        0.6199708989E+00        0.1600000000E-02
         3      0.3398670163E+00        0.6599478755E+00        0.1600000000E-02
         3      0.3398632427E+00        0.6999294696E+00        0.1600000000E-02
         3      0.3398517087E+00        0.7398802362E+00        0.1600000000E-02
         3      0.3398478432E+00        0.7799157664E+00        0.1600000000E-02
         3      0.3398327645E+00        0.8197918075E+00        0.1600000000E-02
         3      0.3396706345E+00        0.8598929413E+00        0.1600000000E-02
         3      0.3396895312E+00        0.8999018906E+00        0.1600000000E-02
         3      0.3396523307E+00        0.9394928563E+00        0.1600000000E-02
         3      0.3400572839E+00        0.9812457295E+00        0.1600000000E-02
         3      0.3797367179E+00        0.1881529172E-01        0.1600000000E-02
         3      0.3795706245E+00        0.6057482175E-01        0.1600000000E-02
         3      0.3794391200E+00        0.1001456340E+00        0.1600000000E-02
         3      0.3794264202E+00        0.1401919293E+00        0.1600000000E-02
         3      0.3797598080E+00        0.1803139863E+00        0.1600000000E-02
         3      0.3797841432E+00        0.2201792336E+00        0.1600000000E-02
         3      0.3797864858E+00        0.2602097583E+00        0.1600000000E-02
         3      0.3798037110E+00        0.3001617827E+00        0.1600000000E-02
         3      0.3798093799E+00        0.3401411685E+00        0.1600000000E-02
         3      0.3798130731E+00        0.3801176174E+00        0.1600000000E-02
         3      0.3798182376E+00        0.4200914611E+00        0.1600000000E-02
         3      0.3798208120E+00        0.4600689137E+00        0.1600000000E-02
         3      0.3798231929E+00        0.5000442190E+00        0.1600000000E-02
         3      0.3798241419E+00        0.5400191380E+00        0.1600000000E-02
         3      0.3798239790E+00        0.5799960966E+00        0.1600000000E-02
         3      0.3798223903E+00        0.6199690558E+00        0.1600000000E-02
         3      0.3798196509E+00        0.6599447479E+00        0.1600000000E-02
         3      0.3798166887E+00        0.6999268417E+00        0.1600000000E-02
         3      0.3798061757E+00        0.7398766597E+00        0.1600000000E-02
         3      0.3797977200E+00        0.7799102961E+00        0.1600000000E-02
         3      0.3797946472E+00        0.8197866033E+00        0.1600000000E-02
         3      0.3796083115E+00        0.8598701690E+00        0.1600000000E-02
         3      0.3796049980E+00        0.8998772520E+00        0.1600000000E-02
         3      0.3795347374E+00        0.9394602810E+00        0.1600000000E-02
         3      0.3801240214E+00        0.9811380873E+00        0.1600000000E-02
         3      0.4197642699E+00        0.1879215132E-01        0.1600000000E-02
         3      0.4194496264E+00        0.6048675891E-01        0.1600000000E-02
         3      0.4193206623E+00        0.1001188908E+00        0.1600000000E-02
         3      0.4192808884E+00        0.1402001406E+00        0.1600000000E-02
         3      0.4197221216E+00        0.1803122750E+00        0.1600000000E-02
         3      0.4197411220E+00        0.2201777254E+00        0.1600000000E-02
         3      0.4197324343E+00        0.2602103854E+00        0.1600000000E-02
         3      0.4197571070E+00        0.3001621081E+00        0.1600000000E-02
         3      0.4197586760E+00        0.3401434344E+00        0.1600000000E-02
         3      0.4197623424E+00        0.3801205987E+00        0.1600000000E-02
         3      0.4197675028E+00        0.4200943987E+00        0.1600000000E-02
         3      0.4197700787E+00        0.4600714778E+00        0.1600000000E-02
         3      0.4197728543E+00        0.5000457907E+00        0.1600000000E-02
         3      0.4197742321E+00        0.5400192796E+00        0.1600000000E-02
         3      0.4197741330E+00        0.5799946127E+00        0.1600000000E-02
         3      0.4197730556E+00        0.6199653548E+00        0.1600000000E-02
         3      0.4197691574E+00        0.6599393169E+00        0.1600000000E-02
         3      0.4197652596E+00        0.6999204757E+00        0.1600000000E-02
         3      0.4197513548E+00        0.7398753533E+00        0.1600000000E-02
         3      0.4197345624E+00        0.7799224196E+00        0.1600000000E-02
         3      0.4197248724E+00        0.8198249896E+00        0.1600000000E-02
         3      0.4195194226E+00        0.8599720542E+00        0.1600000000E-02
         3      0.4194889668E+00        0.9000207169E+00        0.1600000000E-02
         3      0.4193675038E+00        0.9396588699E+00        0.1600000000E-02
         3      0.4203083493E+00        0.9814018375E+00        0.1600000000E-02
         3      0.4599828483E+00        0.1869574585E-01        0.1600000000E-02
         3      0.4592094284E+00        0.6044742520E-01        0.1600000000E-02
         3      0.4592201816E+00        0.1001054602E+00        0.1600000000E-02
         3      0.4591718828E+00        0.1401750419E+00        0.1600000000E-02
         3      0.4596834665E+00        0.1802832738E+00        0.1600000000E-02
         3      0.4597024927E+00        0.2201683696E+00        0.1600000000E-02
         3      0.4596805552E+00        0.2602011526E+00        0.1600000000E-02
         3      0.4597095157E+00        0.3001612213E+00        0.1600000000E-02
         3      0.4597101870E+00        0.3401455398E+00        0.1600000000E-02
         3      0.4597138757E+00        0.3801238629E+00        0.1600000000E-02
         3      0.4597204113E+00        0.4200978499E+00        0.1600000000E-02
         3      0.4597233930E+00        0.4600743270E+00        0.1600000000E-02
         3      0.4597269581E+00        0.5000479109E+00        0.1600000000E-02
         3      0.4597287930E+00        0.5400204354E+00        0.1600000000E-02
         3      0.4597292840E+00        0.5799945731E+00        0.1600000000E-02
         3      0.4597285497E+00        0.6199641089E+00        0.1600000000E-02
         3      0.4597242891E+00        0.6599361036E+00        0.1600000000E-02
         3      0.4597186453E+00        0.6999135954E+00        0.1600000000E-02
         3      0.4596994611E+00        0.7398598081E+00        0.1600000000E-02
         3      0.4596751174E+00        0.7798913671E+00        0.1600000000E-02
         3      0.4596527613E+00        0.8197597134E+00        0.1600000000E-02
         3      0.4594163328E+00        0.8598618672E+00        0.1600000000E-02
         3      0.4593858243E+00        0.8998648978E+00        0.1600000000E-02
         3      0.4592049556E+00        0.9394018927E+00        0.1600000000E-02
         3      0.4604597120E+00        0.9811653168E+00        0.1600000000E-02
         3      0.5005032607E+00        0.1775719699E-01        0.1600000000E-02
         3      0.4987198452E+00        0.5990133493E-01        0.1600000000E-02
         3      0.4990011333E+00        0.9981598511E-01        0.1600000000E-02
         3      0.4990199180E+00        0.1399513778E+00        0.1600000000E-02
         3      0.4995614126E+00        0.1802012964E+00        0.1600000000E-02
         3      0.4996425431E+00        0.2201352730E+00        0.1600000000E-02
         3      0.4996112342E+00        0.2601932361E+00        0.1600000000E-02
         3      0.4996525736E+00        0.3001655082E+00        0.1600000000E-02
         3      0.4996572580E+00        0.3401510913E+00        0.1600000000E-02
         3      0.4996621526E+00        0.3801298111E+00        0.1600000000E-02
         3      0.4996699793E+00        0.4201031327E+00        0.1600000000E-02
         3      0.4996739653E+00        0.4600781836E+00        0.1600000000E-02
         3      0.4996782624E+00        0.5000505934E+00        0.1600000000E-02
         3      0.4996806723E+00        0.5400219882E+00        0.1600000000E-02
         3      0.4996815887E+00        0.5799951651E+00        0.1600000000E-02
         3      0.4996814366E+00        0.6199633974E+00        0.1600000000E-02
         3      0.4996785123E+00        0.6599334934E+00        0.1600000000E-02
         3      0.4996751395E+00        0.6999063882E+00        0.1600000000E-02
         3      0.4996603287E+00        0.7398417501E+00        0.1600000000E-02
         3      0.4996438584E+00        0.7798530758E+00        0.1600000000E-02
         3      0.4996363859E+00        0.8196787171E+00        0.1600000000E-02
         3      0.4993856598E+00        0.8597195152E+00        0.1600000000E-02
         3      0.4993484711E+00        0.8996553334E+00        0.1600000000E-02
         3      0.4992118004E+00        0.9390772254E+00        0.1600000000E-02
         3      0.5002222575E+00        0.9808478390E+00        0.1600000000E-02
         3      0.5412547482E+00        0.1830794390E-01        0.1600000000E-02
         3      0.5380708870E+00        0.5979629689E-01        0.1600000000E-02
         3      0.5387191464E+00        0.9981140143E-01        0.1600000000E-02
         3      0.5387644925E+00        0.1400067297E+00        0.1600000000E-02
         3      0.5394255867E+00        0.1802119247E+00        0.1600000000E-02
         3      0.5395542359E+00        0.2201496415E+00        0.1600000000E-02
         3      0.5395372534E+00        0.2602026024E+00        0.1600000000E-02
         3      0.5395936393E+00        0.3001732031E+00        0.1600000000E-02
         3      0.5396035769E+00        0.3401577348E+00        0.1600000000E-02
         3      0.5396118131E+00        0.3801357803E+00        0.1600000000E-02
         3      0.5396214548E+00        0.4201080146E+00        0.1600000000E-02
         3      0.5396258714E+00        0.4600829893E+00        0.1600000000E-02
         3      0.5396312397E+00        0.5000541497E+00        0.1600000000E-02
         3      0.5396342901E+00        0.5400238803E+00        0.1600000000E-02
         3      0.5396360887E+00        0.5799950751E+00        0.1600000000E-02
         3      0.5396365511E+00        0.6199610682E+00        0.1600000000E-02
         3      0.5396355074E+00        0.6599290090E+00        0.1600000000E-02
         3      0.5396344204E+00        0.6999012752E+00        0.1600000000E-02
         3      0.5396226572E+00        0.7398418420E+00        0.1600000000E-02
         3      0.5396152166E+00        0.7798694170E+00        0.1600000000E-02
         3      0.5396167560E+00        0.8197273810E+00        0.1600000000E-02
         3      0.5393458013E+00        0.8598376031E+00        0.1600000000E-02
         3      0.5393231099E+00        0.8998308528E+00        0.1600000000E-02
         3      0.5392318205E+00        0.9393097404E+00        0.1600000000E-02
         3      0.5399465003E+00        0.9811848787E+00        0.1600000000E-02
         3      0.5820739073E+00        0.1965361071E-01        0.1600000000E-02
         3      0.5777386878E+00        0.6031161940E-01        0.1600000000E-02
         3      0.5784716582E+00        0.1002022328E+00        0.1600000000E-02
         3      0.5786137255E+00        0.1401979236E+00        0.1600000000E-02
         3      0.5793624982E+00        0.1802872746E+00        0.1600000000E-02
         3      0.5794744275E+00        0.2201783275E+00        0.1600000000E-02
         3      0.5794714289E+00        0.2602159018E+00        0.1600000000E-02
         3      0.5795371097E+00        0.3001820710E+00        0.1600000000E-02
         3      0.5795485657E+00        0.3401669693E+00        0.1600000000E-02
         3      0.5795605705E+00        0.3801453062E+00        0.1600000000E-02
         3      0.5795717129E+00        0.4201156035E+00        0.1600000000E-02
         3      0.5795780556E+00        0.4600883014E+00        0.1600000000E-02
         3      0.5795841682E+00        0.5000583419E+00        0.1600000000E-02
         3      0.5795878931E+00        0.5400268074E+00        0.1600000000E-02
         3      0.5795906309E+00        0.5799967843E+00        0.1600000000E-02
         3      0.5795917256E+00        0.6199616119E+00        0.1600000000E-02
         3      0.5795920268E+00        0.6599287093E+00        0.1600000000E-02
         3      0.5795908385E+00        0.6999010634E+00        0.1600000000E-02
         3      0.5795776443E+00        0.7398408085E+00        0.1600000000E-02
         3      0.5795727460E+00        0.7798650510E+00        0.1600000000E-02
         3      0.5795655022E+00        0.8197215786E+00        0.1600000000E-02
         3      0.5792790662E+00        0.8598110251E+00        0.1600000000E-02
         3      0.5792639616E+00        0.8997878643E+00        0.1600000000E-02
         3      0.5791940922E+00        0.9392661609E+00        0.1600000000E-02
         3      0.5798096845E+00        0.9810351649E+00        0.1600000000E-02
         3      0.6226147928E+00        0.1840468781E-01        0.1600000000E-02
         3      0.6176478326E+00        0.5974180028E-01        0.1600000000E-02
         3      0.6181866517E+00        0.9982341146E-01        0.1600000000E-02
         3      0.6183594859E+00        0.1400544790E+00        0.1600000000E-02
         3      0.6193155016E+00        0.1803029094E+00        0.1600000000E-02
         3      0.6193925293E+00        0.2202102972E+00        0.1600000000E-02
         3      0.6194086279E+00        0.2602560227E+00        0.1600000000E-02
         3      0.6194831740E+00        0.3002145388E+00        0.1600000000E-02
         3      0.6194992099E+00        0.3401810144E+00        0.1600000000E-02
         3      0.6195115144E+00        0.3801564617E+00        0.1600000000E-02
         3      0.6195233372E+00        0.4201243966E+00        0.1600000000E-02
         3      0.6195301915E+00        0.4600956079E+00        0.1600000000E-02
         3      0.6195376845E+00        0.5000634322E+00        0.1600000000E-02
         3      0.6195419242E+00        0.5400301726E+00        0.1600000000E-02
         3      0.6195452859E+00        0.5799992261E+00        0.1600000000E-02
         3      0.6195465888E+00        0.6199633259E+00        0.1600000000E-02
         3      0.6195475802E+00        0.6599298269E+00        0.1600000000E-02
         3      0.6195467924E+00        0.6999017060E+00        0.1600000000E-02
         3      0.6195340740E+00        0.7398405074E+00        0.1600000000E-02
         3      0.6195313634E+00        0.7798660410E+00        0.1600000000E-02
         3      0.6195210576E+00        0.8197265985E+00        0.1600000000E-02
         3      0.6192234143E+00        0.8598198997E+00        0.1600000000E-02
         3      0.6192050301E+00        0.8998190216E+00        0.1600000000E-02
         3      0.6191588146E+00        0.9393216134E+00        0.1600000000E-02
         3      0.6196647784E+00        0.9811312148E+00        0.1600000000E-02
         3      0.6627812453E+00        0.2015647004E-01        0.1600000000E-02
         3      0.6575267117E+00        0.6103497360E-01        0.1600000000E-02
         3      0.6580112235E+00        0.1006688104E+00        0.1600000000E-02
         3      0.6582318163E+00        0.1404096539E+00        0.1600000000E-02
         3      0.6593125045E+00        0.1804423710E+00        0.1600000000E-02
         3      0.6593347726E+00        0.2202470068E+00        0.1600000000E-02
         3      0.6593576524E+00        0.2602621730E+00        0.1600000000E-02
         3      0.6594385656E+00        0.3002262483E+00        0.1600000000E-02
         3      0.6594473336E+00        0.3401989051E+00        0.1600000000E-02
         3      0.6594651807E+00        0.3801676652E+00        0.1600000000E-02
         3      0.6594763638E+00        0.4201330798E+00        0.1600000000E-02
         3      0.6594839378E+00        0.4601029449E+00        0.1600000000E-02
         3      0.6594915389E+00        0.5000697019E+00        0.1600000000E-02
         3      0.6594958662E+00        0.5400349561E+00        0.1600000000E-02
         3      0.6595000660E+00        0.5800020001E+00        0.1600000000E-02
         3      0.6595016065E+00        0.6199644385E+00        0.1600000000E-02
         3      0.6595026342E+00        0.6599300079E+00        0.1600000000E-02
         3      0.6595024236E+00        0.6999010812E+00        0.1600000000E-02
         3      0.6594883091E+00        0.7398404284E+00        0.1600000000E-02
         3      0.6594853273E+00        0.7798660249E+00        0.1600000000E-02
         3      0.6594734535E+00        0.8197287183E+00        0.1600000000E-02
         3      0.6591473650E+00        0.8598300780E+00        0.1600000000E-02
         3      0.6591405361E+00        0.8998258113E+00        0.1600000000E-02
         3      0.6590803741E+00        0.9393517727E+00        0.1600000000E-02
         3      0.6595665034E+00        0.9811436917E+00        0.1600000000E-02
         3      0.7028746647E+00        0.1817514848E-01        0.1600000000E-02
         3      0.6975720727E+00        0.5994001478E-01        0.1600000000E-02
         3      0.6978605213E+00        0.9998260528E-01        0.1600000000E-02
         3      0.6981249921E+00        0.1400926003E+00        0.1600000000E-02
         3      0.6992683686E+00        0.1803762460E+00        0.1600000000E-02
         3      0.6992820599E+00        0.2202986828E+00        0.1600000000E-02
         3      0.6993030773E+00        0.2603009451E+00        0.1600000000E-02
         3      0.6993984528E+00        0.3002505311E+00        0.1600000000E-02
         3      0.6994067523E+00        0.3402098531E+00        0.1600000000E-02
         3      0.6994180836E+00        0.3801827961E+00        0.1600000000E-02
         3      0.6994280429E+00        0.4201454956E+00        0.1600000000E-02
         3      0.6994393636E+00        0.4601104881E+00        0.1600000000E-02
         3      0.6994465245E+00        0.5000741800E+00        0.1600000000E-02
         3      0.6994502910E+00        0.5400389260E+00        0.1600000000E-02
         3      0.6994547151E+00        0.5800057454E+00        0.1600000000E-02
         3      0.6994562795E+00        0.6199669197E+00        0.1600000000E-02
         3      0.6994578842E+00        0.6599303342E+00        0.1600000000E-02
         3      0.6994577993E+00        0.6998991106E+00        0.1600000000E-02
         3      0.6994425035E+00        0.7398368663E+00        0.1600000000E-02
         3      0.6994370317E+00        0.7798610325E+00        0.1600000000E-02
         3      0.6994217262E+00        0.8197235446E+00        0.1600000000E-02
         3      0.6990688907E+00        0.8598234216E+00        0.1600000000E-02
         3      0.6990575899E+00        0.8998316122E+00        0.1600000000E-02
         3      0.6989965212E+00        0.9393593229E+00        0.1600000000E-02
         3      0.6994947962E+00        0.9811474997E+00        0.1600000000E-02
         3      0.7431247667E+00        0.2019027082E-01        0.1600000000E-02
         3      0.7370489665E+00        0.6106591370E-01        0.1600000000E-02
         3      0.7379203357E+00        0.1007910146E+00        0.1600000000E-02
         3      0.7379515846E+00        0.1404318969E+00        0.1600000000E-02
         3      0.7392118136E+00        0.1804457205E+00        0.1600000000E-02
         3      0.7392855785E+00        0.2202679213E+00        0.1600000000E-02
         3      0.7392264383E+00        0.2603215790E+00        0.1600000000E-02
         3      0.7393643435E+00        0.3002639157E+00        0.1600000000E-02
         3      0.7393563254E+00        0.3402212901E+00        0.1600000000E-02
         3      0.7393791269E+00        0.3801872146E+00        0.1600000000E-02
         3      0.7393808159E+00        0.4201517894E+00        0.1600000000E-02
         3      0.7393952893E+00        0.4601217044E+00        0.1600000000E-02
         3      0.7394000496E+00        0.5000831872E+00        0.1600000000E-02
         3      0.7394059075E+00        0.5400436426E+00        0.1600000000E-02
         3      0.7394102006E+00        0.5800075241E+00        0.1600000000E-02
         3      0.7394119410E+00        0.6199680633E+00        0.1600000000E-02
         3      0.7394132435E+00        0.6599314747E+00        0.1600000000E-02
         3      0.7394130279E+00        0.6998991665E+00        0.1600000000E-02
         3      0.7393971093E+00        0.7398347704E+00        0.1600000000E-02
         3      0.7393891064E+00        0.7798579634E+00        0.1600000000E-02
         3      0.7393729090E+00        0.8197167384E+00        0.1600000000E-02
         3      0.7389819960E+00        0.8598200008E+00        0.1600000000E-02
         3      0.7389747219E+00        0.8998321718E+00        0.1600000000E-02
         3      0.7389035829E+00        0.9393674526E+00        0.1600000000E-02
         3      0.7394223245E+00        0.9811588626E+00        0.1600000000E-02
         3      0.7834109328E+00        0.1813555214E-01        0.1600000000E-02
         3      0.7767252264E+00        0.6035183284E-01        0.1600000000E-02
         3      0.7780608719E+00        0.1003331934E+00        0.1600000000E-02
         3      0.7779859176E+00        0.1402312353E+00        0.1600000000E-02
         3      0.7791366976E+00        0.1804166826E+00        0.1600000000E-02
         3      0.7792001550E+00        0.2203519416E+00        0.1600000000E-02
         3      0.7792180666E+00        0.2602997170E+00        0.1600000000E-02
         3      0.7793327556E+00        0.3002700080E+00        0.1600000000E-02
         3      0.7792991273E+00        0.3402523066E+00        0.1600000000E-02
         3      0.7793402000E+00        0.3802093291E+00        0.1600000000E-02
         3      0.7793289037E+00        0.4201624337E+00        0.1600000000E-02
         3      0.7793578052E+00        0.4601236311E+00        0.1600000000E-02
         3      0.7793534928E+00        0.5000856582E+00        0.1600000000E-02
         3      0.7793610689E+00        0.5400511079E+00        0.1600000000E-02
         3      0.7793630920E+00        0.5800140645E+00        0.1600000000E-02
         3      0.7793678377E+00        0.6199709013E+00        0.1600000000E-02
         3      0.7793699916E+00        0.6599295061E+00        0.1600000000E-02
         3      0.7793694070E+00        0.6998953877E+00        0.1600000000E-02
         3      0.7793516037E+00        0.7398316117E+00        0.1600000000E-02
         3      0.7793417312E+00        0.7798514559E+00        0.1600000000E-02
         3      0.7793231846E+00        0.8197083465E+00        0.1600000000E-02
         3      0.7788876820E+00        0.8598130541E+00        0.1600000000E-02
         3      0.7788816491E+00        0.8998337927E+00        0.1600000000E-02
         3      0.7788068213E+00        0.9393718034E+00        0.1600000000E-02
         3      0.7793554039E+00        0.9811620435E+00        0.1600000000E-02
         3      0.8238688015E+00        0.1865430825E-01        0.1600000000E-02
         3      0.8156984457E+00        0.6011590550E-01        0.1600000000E-02
         3      0.8181853011E+00        0.1001821424E+00        0.1600000000E-02
         3      0.8178547127E+00        0.1396528682E+00        0.1600000000E-02
         3      0.8189154878E+00        0.1803098416E+00        0.1600000000E-02
         3      0.8191045426E+00        0.2203415502E+00        0.1600000000E-02
         3      0.8191534061E+00        0.2604030036E+00        0.1600000000E-02
         3      0.8192802741E+00        0.3002857355E+00        0.1600000000E-02
         3      0.8192678589E+00        0.3402432295E+00        0.1600000000E-02
         3      0.8193051975E+00        0.3802283849E+00        0.1600000000E-02
         3      0.8192764446E+00        0.4201926594E+00        0.1600000000E-02
         3      0.8193241596E+00        0.4601431114E+00        0.1600000000E-02
         3      0.8193047706E+00        0.5000919129E+00        0.1600000000E-02
         3      0.8193224554E+00        0.5400489922E+00        0.1600000000E-02
         3      0.8193155302E+00        0.5800140981E+00        0.1600000000E-02
         3      0.8193259741E+00        0.6199760351E+00        0.1600000000E-02
         3      0.8193245813E+00        0.6599342645E+00        0.1600000000E-02
         3      0.8193263592E+00        0.6998958454E+00        0.1600000000E-02
         3      0.8193073621E+00        0.7398258803E+00        0.1600000000E-02
         3      0.8192972124E+00        0.7798445908E+00        0.1600000000E-02
         3      0.8192744372E+00        0.8196975102E+00        0.1600000000E-02
         3      0.8187837576E+00        0.8598060791E+00        0.1600000000E-02
         3      0.8187773807E+00        0.8998344648E+00        0.1600000000E-02
         3      0.8187074094E+00        0.9393798392E+00        0.1600000000E-02
         3      0.8192920724E+00        0.9811725546E+00        0.1600000000E-02
         3      0.8646037581E+00        0.2038439010E-01        0.1600000000E-02
         3      0.8552570891E+00        0.6038405300E-01        0.1600000000E-02
         3      0.8584436714E+00        0.1007986933E+00        0.1600000000E-02
         3      0.8571657246E+00        0.1408374859E+00        0.1600000000E-02
         3      0.8590051843E+00        0.1803603831E+00        0.1600000000E-02
         3      0.8588939703E+00        0.2203337893E+00        0.1600000000E-02
         3      0.8592780770E+00        0.2604609104E+00        0.1600000000E-02
         3      0.8591924139E+00        0.3003409363E+00        0.1600000000E-02
         3      0.8592104319E+00        0.3403378233E+00        0.1600000000E-02
         3      0.8592680441E+00        0.3802382926E+00        0.1600000000E-02
         3      0.8592556250E+00        0.4201658599E+00        0.1600000000E-02
         3      0.8592879202E+00        0.4601395924E+00        0.1600000000E-02
         3      0.8592501868E+00        0.5001104902E+00        0.1600000000E-02
         3      0.8592824461E+00        0.5400670100E+00        0.1600000000E-02
         3      0.8592639181E+00        0.5800177352E+00        0.1600000000E-02
         3      0.8592888501E+00        0.6199699529E+00        0.1600000000E-02
         3      0.8592813787E+00        0.6599288053E+00        0.1600000000E-02
         3      0.8592858537E+00        0.6998935195E+00        0.1600000000E-02
         3      0.8592607098E+00        0.7398243888E+00        0.1600000000E-02
         3      0.8592552015E+00        0.7798375798E+00        0.1600000000E-02
         3      0.8592308475E+00        0.8196845694E+00        0.1600000000E-02
         3      0.8586678432E+00        0.8597919774E+00        0.1600000000E-02
         3      0.8586670267E+00        0.8998410018E+00        0.1600000000E-02
         3      0.8586025262E+00        0.9393913391E+00        0.1600000000E-02
         3      0.8592293671E+00        0.9811760561E+00        0.1600000000E-02
         3      0.9050996931E+00        0.2192545612E-01        0.1600000000E-02
         3      0.8949615539E+00        0.6022148779E-01        0.1600000000E-02
         3      0.8985512537E+00        0.1008169159E+00        0.1600000000E-02
         3      0.8979190442E+00        0.1398281563E+00        0.1600000000E-02
         3      0.8987543636E+00        0.1807315241E+00        0.1600000000E-02
         3      0.8982647041E+00        0.2208443559E+00        0.1600000000E-02
         3      0.8996640827E+00        0.2605294981E+00        0.1600000000E-02
         3      0.8990181631E+00        0.3003443025E+00        0.1600000000E-02
         3      0.8992893042E+00        0.3404093551E+00        0.1600000000E-02
         3      0.8992045851E+00        0.3803466477E+00        0.1600000000E-02
         3      0.8992515687E+00        0.4202591692E+00        0.1600000000E-02
         3      0.8992438991E+00        0.4601293756E+00        0.1600000000E-02
         3      0.8992098823E+00        0.5000806755E+00        0.1600000000E-02
         3      0.8992437959E+00        0.5400596386E+00        0.1600000000E-02
         3      0.8992052432E+00        0.5800435418E+00        0.1600000000E-02
         3      0.8992488504E+00        0.6199970523E+00        0.1600000000E-02
         3      0.8992377188E+00        0.6599345970E+00        0.1600000000E-02
         3      0.8992517591E+00        0.6998857648E+00        0.1600000000E-02
         3      0.8992171461E+00        0.7398146822E+00        0.1600000000E-02
         3      0.8992163517E+00        0.7798322013E+00        0.1600000000E-02
         3      0.8991803750E+00        0.8196746353E+00        0.1600000000E-02
         3      0.8985471587E+00        0.8597896319E+00        0.1600000000E-02
         3      0.8985303463E+00        0.8998396990E+00        0.1600000000E-02
         3      0.8984845235E+00        0.9394204138E+00        0.1600000000E-02
         3      0.8991974650E+00        0.9812029392E+00        0.1600000000E-02
         3      0.9450626653E+00        0.1950455528E-01        0.1600000000E-02
         3      0.9348303917E+00        0.6198166108E-01        0.1600000000E-02
         3      0.9388296289E+00        0.1007005767E+00        0.1600000000E-02
         3      0.9368671472E+00        0.1405823438E+00        0.1600000000E-02
         3      0.9393085473E+00        0.1806283737E+00        0.1600000000E-02
         3      0.9380399705E+00        0.2205717375E+00        0.1600000000E-02
         3      0.9401153985E+00        0.2608698116E+00        0.1600000000E-02
         3      0.9385910008E+00        0.3004817312E+00        0.1600000000E-02
         3      0.9395003482E+00        0.3403779198E+00        0.1600000000E-02
         3      0.9390412165E+00        0.3803631966E+00        0.1600000000E-02
         3      0.9394097164E+00        0.4203411088E+00        0.1600000000E-02
         3      0.9391730095E+00        0.4602339214E+00        0.1600000000E-02
         3      0.9391805544E+00        0.5001765785E+00        0.1600000000E-02
         3      0.9391816814E+00        0.5400739746E+00        0.1600000000E-02
         3      0.9391789507E+00        0.5800061465E+00        0.1600000000E-02
         3      0.9392225246E+00        0.6199677642E+00        0.1600000000E-02
         3      0.9391863141E+00        0.6599512483E+00        0.1600000000E-02
         3      0.9392175413E+00        0.6999026563E+00        0.1600000000E-02
         3      0.9391715219E+00        0.7398127886E+00        0.1600000000E-02
         3      0.9391809307E+00        0.7798161942E+00        0.1600000000E-02
         3      0.9391430659E+00        0.8196595996E+00        0.1600000000E-02
         3      0.9384063876E+00        0.8597785220E+00        0.1600000000E-02
         3      0.9383764054E+00        0.8998505556E+00        0.1600000000E-02
         3      0.9383201452E+00        0.9394735193E+00        0.1600000000E-02
         3      0.9392076860E+00        0.9812964736E+00        0.1600000000E-02
         3      0.9846373476E+00        0.2538819126E-01        0.1600000000E-02
         3      0.9792972093E+00        0.5561695756E-01        0.1600000000E-02
         3      0.9769501666E+00        0.1030856534E+00        0.1600000000E-02
         3      0.9763683829E+00        0.1430675474E+00        0.1600000000E-02
         3      0.9798950877E+00        0.1813170114E+00        0.1600000000E-02
         3      0.9768376277E+00        0.2215991170E+00        0.1600000000E-02
         3      0.9816193231E+00        0.2609872170E+00        0.1600000000E-02
         3      0.9781428621E+00        0.3006158494E+00        0.1600000000E-02
         3      0.9796972288E+00        0.3409505372E+00        0.1600000000E-02
         3      0.9786876226E+00        0.3805257252E+00        0.1600000000E-02
         3      0.9797353795E+00        0.4202937038E+00        0.1600000000E-02
         3      0.9790311300E+00        0.4601060303E+00        0.1600000000E-02
         3      0.9792462982E+00        0.5001573727E+00        0.1600000000E-02
         3      0.9790879595E+00        0.5401609492E+00        0.1600000000E-02
         3      0.9791597296E+00        0.5800949741E+00        0.1600000000E-02
         3      0.9791438713E+00        0.6199927325E+00        0.1600000000E-02
         3      0.9791626722E+00        0.6599247475E+00        0.1600000000E-02
         3      0.9792045656E+00        0.6998793104E+00        0.1600000000E-02
         3      0.9791166126E+00        0.7398249772E+00        0.1600000000E-02
         3      0.9791513790E+00        0.7798235070E+00        0.1600000000E-02
         3      0.9791060689E+00        0.8196554558E+00        0.1600000000E-02
         3      0.9782690396E+00        0.8597490230E+00        0.1600000000E-02
         3      0.9782072795E+00        0.8998049172E+00        0.1600000000E-02
         3      0.9781108378E+00        0.9395114954E+00        0.1600000000E-02
         3      0.9792546356E+00        0.9811960413E+00        0.1600000000E-02
         3      0.1008591597E+01        0.6744770767E-01        0.1600000000E-02
         3      0.1026424321E+01        0.1022025436E+00        0.1600000000E-02
         3      0.1018104450E+01        0.1334963405E+00        0.1600000000E-02
         3      0.1018593216E+01        0.1812174998E+00        0.1600000000E-02
         3      0.1015904237E+01        0.2226917143E+00        0.1600000000E-02
         3      0.1023046528E+01        0.2611242134E+00        0.1600000000E-02
         3      0.1017101826E+01        0.3009978058E+00        0.1600000000E-02
         3      0.1021004153E+01        0.3407343611E+00        0.1600000000E-02
         3      0.1018300729E+01        0.3806428702E+00        0.1600000000E-02
         3      0.1020249898E+01        0.4208221428E+00        0.1600000000E-02
         3      0.1018712690E+01        0.4602692245E+00        0.1600000000E-02
         3      0.1019384221E+01        0.5000582957E+00        0.1600000000E-02
         3      0.1018938640E+01        0.5400368076E+00        0.1600000000E-02
         3      0.1019249257E+01        0.5801140967E+00        0.1600000000E-02
         3      0.1019059417E+01        0.6200883917E+00        0.1600000000E-02
         3      0.1019142933E+01        0.6600330693E+00        0.1600000000E-02
         3      0.1019161251E+01        0.6999110315E+00        0.1600000000E-02
         3      0.1019095112E+01        0.7397939783E+00        0.1600000000E-02
         3      0.1019119194E+01        0.7798124334E+00        0.1600000000E-02
         3      0.1019030346E+01        0.8197131156E+00        0.1600000000E-02
         3      0.1018111543E+01        0.8598497803E+00        0.1600000000E-02
         3      0.1018016567E+01        0.8999777346E+00        0.1600000000E-02
         3      0.1017731110E+01        0.9397931856E+00        0.1600000000E-02
         3      0.1019581763E+01        0.9815745126E+00        0.1600000000E-02
         3      0.1048212365E+01        0.1467596500E+00        0.1600000000E-02
         3      0.1065013292E+01        0.1809053929E+00        0.1600000000E-02
         3      0.1055821825E+01        0.2154647944E+00        0.1600000000E-02
         3      0.1062523172E+01        0.2592274802E+00        0.1600000000E-02
         3      0.1055997107E+01        0.3007075895E+00        0.1600000000E-02
         3      0.1061517532E+01        0.3401764395E+00        0.1600000000E-02
         3      0.1056985452E+01        0.3808322148E+00        0.1600000000E-02
         3      0.1061530599E+01        0.4208057773E+00        0.1600000000E-02
         3      0.1058653529E+01        0.4604566271E+00        0.1600000000E-02
         3      0.1059471554E+01        0.5006969952E+00        0.1600000000E-02
         3      0.1058501494E+01        0.5404907675E+00        0.1600000000E-02
         3      0.1059495366E+01        0.5800272769E+00        0.1600000000E-02
         3      0.1058908901E+01        0.6198840975E+00        0.1600000000E-02
         3      0.1059217638E+01        0.6600001422E+00        0.1600000000E-02
         3      0.1059113814E+01        0.6999553785E+00        0.1600000000E-02
         3      0.1059065838E+01        0.7398710510E+00        0.1600000000E-02
         3      0.1059081994E+01        0.7797861503E+00        0.1600000000E-02
         3      0.1058946265E+01        0.8196259336E+00        0.1600000000E-02
         3      0.1057978326E+01        0.8597811368E+00        0.1600000000E-02
         3      0.1057809492E+01        0.8997588779E+00        0.1600000000E-02
         3      0.1057216818E+01        0.9395550508E+00        0.1600000000E-02
         3      0.1060030244E+01        0.9814405900E+00        0.1600000000E-02
         3      0.1091874399E+01        0.2228964390E+00        0.1600000000E-02
         3      0.1109255658E+01        0.2599193542E+00        0.1600000000E-02
         3      0.1094612880E+01        0.2950686445E+00        0.1600000000E-02
         3      0.1100314211E+01        0.3392157313E+00        0.1600000000E-02
         3      0.1095368006E+01        0.3812593771E+00        0.1600000000E-02
         3      0.1102275603E+01        0.4206378228E+00        0.1600000000E-02
         3      0.1097848591E+01        0.4604959763E+00        0.1600000000E-02
         3      0.1100200466E+01        0.5004263278E+00        0.1600000000E-02
         3      0.1098701302E+01        0.5403238596E+00        0.1600000000E-02
         3      0.1099718492E+01        0.5805449783E+00        0.1600000000E-02
         3      0.1098416553E+01        0.6204465974E+00        0.1600000000E-02
         3      0.1099467604E+01        0.6600191970E+00        0.1600000000E-02
         3      0.1098984177E+01        0.6998758315E+00        0.1600000000E-02
         3      0.1099183729E+01        0.7398827258E+00        0.1600000000E-02
         3      0.1099053283E+01        0.7797731245E+00        0.1600000000E-02
         3      0.1098837431E+01        0.8196419949E+00        0.1600000000E-02
         3      0.1097869705E+01        0.8597355900E+00        0.1600000000E-02
         3      0.1097661391E+01        0.8997338639E+00        0.1600000000E-02
         3      0.1096621237E+01        0.9397177183E+00        0.1600000000E-02
         3      0.1100181841E+01        0.9817911978E+00        0.1600000000E-02
         3      0.1131350338E+01        0.3055151412E+00        0.1600000000E-02
         3      0.1147982308E+01        0.3396491592E+00        0.1600000000E-02
         3      0.1134077931E+01        0.3749186686E+00        0.1600000000E-02
         3      0.1141502057E+01        0.4193252500E+00        0.1600000000E-02
         3      0.1136923020E+01        0.4607591063E+00        0.1600000000E-02
         3      0.1140144051E+01        0.5001481943E+00        0.1600000000E-02
         3      0.1137874240E+01        0.5406507333E+00        0.1600000000E-02
         3      0.1140453729E+01        0.5803803557E+00        0.1600000000E-02
         3      0.1138575205E+01        0.6201314408E+00        0.1600000000E-02
         3      0.1139691589E+01        0.6603773976E+00        0.1600000000E-02
         3      0.1138532782E+01        0.7002201595E+00        0.1600000000E-02
         3      0.1139541202E+01        0.7399003857E+00        0.1600000000E-02
         3      0.1138933036E+01        0.7798051623E+00        0.1600000000E-02
         3      0.1138864722E+01        0.8197466040E+00        0.1600000000E-02
         3      0.1137782568E+01        0.8598412428E+00        0.1600000000E-02
         3      0.1137637291E+01        0.8995541007E+00        0.1600000000E-02
         3      0.1136023202E+01        0.9393518935E+00        0.1600000000E-02
         3      0.1140593500E+01        0.9803635480E+00        0.1600000000E-02
         3      0.1169076441E+01        0.3843857816E+00        0.1600000000E-02
         3      0.1189355232E+01        0.4197209667E+00        0.1600000000E-02
         3      0.1176972156E+01        0.4532574618E+00        0.1600000000E-02
         3      0.1178370650E+01        0.4996557013E+00        0.1600000000E-02
         3      0.1176722216E+01        0.5411147160E+00        0.1600000000E-02
         3      0.1180652163E+01        0.5802678322E+00        0.1600000000E-02
         3      0.1177635051E+01        0.6205674407E+00        0.1600000000E-02
         3      0.1180630253E+01        0.6603353089E+00        0.1600000000E-02
         3      0.1178271642E+01        0.7002068679E+00        0.1600000000E-02
         3      0.1179869312E+01        0.7405237417E+00        0.1600000000E-02
         3      0.1178676358E+01        0.7798799716E+00        0.1600000000E-02
         3      0.1178864884E+01        0.8197564311E+00        0.1600000000E-02
         3      0.1177549521E+01        0.8601243563E+00        0.1600000000E-02
         3      0.1177528537E+01        0.9001896697E+00        0.1600000000E-02
         3      0.1175627685E+01        0.9407426858E+00        0.1600000000E-02
         3      0.1181353545E+01        0.9814575066E+00        0.1600000000E-02
         3      0.1209422861E+01        0.4666489157E+00        0.1600000000E-02
         3      0.1225166334E+01        0.5015495339E+00        0.1600000000E-02
         3      0.1218269089E+01        0.5344943570E+00        0.1600000000E-02
         3      0.1219407349E+01        0.5803522248E+00        0.1600000000E-02
         3      0.1216646702E+01        0.6216870947E+00        0.1600000000E-02
         3      0.1221348889E+01        0.6602338481E+00        0.1600000000E-02
         3      0.1216903578E+01        0.7007260320E+00        0.1600000000E-02
         3      0.1221426106E+01        0.7405139994E+00        0.1600000000E-02
         3      0.1218351432E+01        0.7801866125E+00        0.1600000000E-02
         3      0.1218970759E+01        0.8203822353E+00        0.1600000000E-02
         3      0.1217086683E+01        0.8601684649E+00        0.1600000000E-02
         3      0.1217820073E+01        0.8992723434E+00        0.1600000000E-02
         3      0.1215201881E+01        0.9390695505E+00        0.1600000000E-02
         3      0.1222108195E+01        0.9787439765E+00        0.1600000000E-02
         3      0.1249805887E+01        0.5449565241E+00        0.1600000000E-02
         3      0.1265120778E+01        0.5820532315E+00        0.1600000000E-02
         3      0.1257518048E+01        0.6146616889E+00        0.1600000000E-02
         3      0.1260190875E+01        0.6601409905E+00        0.1600000000E-02
         3      0.1255552647E+01        0.7015043536E+00        0.1600000000E-02
         3      0.1262355666E+01        0.7408977297E+00        0.1600000000E-02
         3      0.1257328738E+01        0.7810186302E+00        0.1600000000E-02
         3      0.1259867214E+01        0.8209092990E+00        0.1600000000E-02
         3      0.1257049155E+01        0.8611057993E+00        0.1600000000E-02
         3      0.1258206512E+01        0.9009237226E+00        0.1600000000E-02
         3      0.1255608963E+01        0.9409701076E+00        0.1600000000E-02
         3      0.1262631893E+01        0.9798661237E+00        0.1600000000E-02
         3      0.1291800888E+01        0.6254873500E+00        0.1600000000E-02
         3      0.1307523761E+01        0.6601458994E+00        0.1600000000E-02
         3      0.1294089576E+01        0.6959919815E+00        0.1600000000E-02
         3      0.1301651603E+01        0.7388499843E+00        0.1600000000E-02
         3      0.1296055965E+01        0.7804577375E+00        0.1600000000E-02
         3      0.1300036690E+01        0.8198106632E+00        0.1600000000E-02
         3      0.1296139574E+01        0.8605004534E+00        0.1600000000E-02
         3      0.1299597675E+01        0.8991556967E+00        0.1600000000E-02
         3      0.1296306213E+01        0.9387443058E+00        0.1600000000E-02
         3      0.1302842382E+01        0.9781387177E+00        0.1600000000E-02
         3      0.1331312556E+01        0.7038868607E+00        0.1600000000E-02
         3      0.1350388353E+01        0.7394837975E+00        0.1600000000E-02
         3      0.1335293532E+01        0.7734442249E+00        0.1600000000E-02
         3      0.1338817159E+01        0.8192422376E+00        0.1600000000E-02
         3      0.1335029095E+01        0.8609353601E+00        0.1600000000E-02
         3      0.1340886356E+01        0.8993975455E+00        0.1600000000E-02
         3      0.1336332178E+01        0.9390109426E+00        0.1600000000E-02
         3      0.1343014790E+01        0.9796004123E+00        0.1600000000E-02
         3      0.1368597793E+01        0.7867424183E+00        0.1600000000E-02
         3      0.1385521193E+01        0.8204372656E+00        0.1600000000E-02
         3      0.1375831702E+01        0.8549124142E+00        0.1600000000E-02
         3      0.1380191169E+01        0.8986244865E+00        0.1600000000E-02
         3      0.1376058244E+01        0.9408671226E+00        0.1600000000E-02
         3      0.1382769163E+01        0.9786350113E+00        0.1600000000E-02
         3      0.1410045999E+01        0.8636235698E+00        0.1600000000E-02
         3      0.1427364518E+01        0.8994470513E+00        0.1600000000E-02
         3      0.1415101834E+01        0.9330929915E+00        0.1600000000E-02
         3      0.1422745331E+01        0.9801184931E+00        0.1600000000E-02
         3      0.1450686054E+01        0.9469352115E+00        0.1600000000E-02
         3      0.1468603986E+01        0.9764859075E+00        0.1600000000E-02
