2          0.0000000000         0.6500000000         -0.0000000000        0.6450000000        
2          -0.0000000000        0.6450000000         -0.0000000000        0.6400000000        
2          -0.0000000000        0.6400000000         -0.0000000000        0.6350000000        
2          -0.0000000000        0.6350000000         -0.0000000000        0.6300000000        
2          -0.0000000000        0.6300000000         -0.0000000000        0.6250000000        
2          -0.0000000000        0.6250000000         -0.0000000000        0.6200000000        
2          -0.0000000000        0.6200000000         -0.0000000000        0.6150000000        
2          -0.0000000000        0.6150000000         -0.0000000000        0.6100000000        
2          -0.0000000000        0.6100000000         -0.0000000000        0.6050000000        
2          -0.0000000000        0.6050000000         -0.0000000000        0.6000000000        
2          -0.0000000000        0.6000000000         -0.0000000000        0.5950000000        
2          -0.0000000000        0.5950000000         -0.0000000000        0.5900000000        
2          -0.0000000000        0.5900000000         -0.0000000000        0.5850000000        
2          -0.0000000000        0.5850000000         -0.0000000000        0.5800000000        
2          -0.0000000000        0.5800000000         -0.0000000000        0.5750000000        
2          -0.0000000000        0.5750000000         -0.0000000000        0.5700000000        
2          -0.0000000000        0.5700000000         -0.0000000000        0.5650000000        
2          -0.0000000000        0.5650000000         -0.0000000000        0.5600000000        
2          -0.0000000000        0.5600000000         -0.0000000000        0.5550000000        
2          -0.0000000000        0.5550000000         -0.0000000000        0.5500000000        
2          -0.0000000000        0.5500000000         -0.0000000000        0.5450000000        
2          -0.0000000000        0.5450000000         -0.0000000000        0.5400000000        
2          -0.0000000000        0.5400000000         -0.0000000000        0.5350000000        
2          -0.0000000000        0.5350000000         -0.0000000000        0.5300000000        
2          -0.0000000000        0.5300000000         -0.0000000000        0.5250000000        
2          -0.0000000000        0.5250000000         -0.0000000000        0.5200000000        
2          -0.0000000000        0.5200000000         -0.0000000000        0.5150000000        
2          -0.0000000000        0.5150000000         -0.0000000000        0.5100000000        
2          -0.0000000000        0.5100000000         -0.0000000000        0.5050000000        
2          -0.0000000000        0.5050000000         -0.0000000000        0.5000000000        
2          -0.0000000000        0.5000000000         -0.0000000000        0.4950000000        
2          -0.0000000000        0.4950000000         -0.0000000000        0.4900000000        
2          -0.0000000000        0.4900000000         -0.0000000000        0.4850000000        
2          -0.0000000000        0.4850000000         -0.0000000000        0.4800000000        
2          -0.0000000000        0.4800000000         -0.0000000000        0.4750000000        
2          -0.0000000000        0.4750000000         -0.0000000000        0.4700000000        
2          -0.0000000000        0.4700000000         -0.0000000000        0.4650000000        
2          -0.0000000000        0.4650000000         -0.0000000000        0.4600000000        
2          -0.0000000000        0.4600000000         -0.0000000000        0.4550000000        
2          -0.0000000000        0.4550000000         -0.0000000000        0.4500000000        
2          -0.0000000000        0.4500000000         -0.0000000000        0.4450000000        
2          -0.0000000000        0.4450000000         -0.0000000000        0.4400000000        
2          -0.0000000000        0.4400000000         -0.0000000000        0.4350000000        
2          -0.0000000000        0.4350000000         -0.0000000000        0.4300000000        
2          -0.0000000000        0.4300000000         -0.0000000000        0.4250000000        
2          -0.0000000000        0.4250000000         -0.0000000000        0.4200000000        
2          -0.0000000000        0.4200000000         -0.0000000000        0.4150000000        
2          -0.0000000000        0.4150000000         -0.0000000000        0.4100000000        
2          -0.0000000000        0.4100000000         -0.0000000000        0.4050000000        
2          -0.0000000000        0.4050000000         -0.0000000000        0.4000000000        
2          -0.0000000000        0.4000000000         -0.0000000000        0.3950000000        
2          -0.0000000000        0.3950000000         -0.0000000000        0.3900000000        
2          -0.0000000000        0.3900000000         -0.0000000000        0.3850000000        
2          -0.0000000000        0.3850000000         -0.0000000000        0.3800000000        
2          -0.0000000000        0.3800000000         -0.0000000000        0.3750000000        
2          -0.0000000000        0.3750000000         -0.0000000000        0.3700000000        
2          -0.0000000000        0.3700000000         -0.0000000000        0.3650000000        
2          -0.0000000000        0.3650000000         -0.0000000000        0.3600000000        
2          -0.0000000000        0.3600000000         -0.0000000000        0.3550000000        
2          -0.0000000000        0.3550000000         -0.0000000000        0.3500000000        
2          -0.0000000000        0.3500000000         -0.0000000000        0.3450000000        
2          -0.0000000000        0.3450000000         -0.0000000000        0.3400000000        
2          -0.0000000000        0.3400000000         -0.0000000000        0.3350000000        
2          -0.0000000000        0.3350000000         -0.0000000000        0.3300000000        
2          -0.0000000000        0.3300000000         -0.0000000000        0.3250000000        
2          -0.0000000000        0.3250000000         -0.0000000000        0.3200000000        
2          -0.0000000000        0.3200000000         -0.0000000000        0.3150000000        
2          -0.0000000000        0.3150000000         -0.0000000000        0.3100000000        
2          -0.0000000000        0.3100000000         -0.0000000000        0.3050000000        
2          -0.0000000000        0.3050000000         -0.0000000000        0.3000000000        
2          -0.0000000000        0.3000000000         -0.0000000000        0.2950000000        
2          -0.0000000000        0.2950000000         -0.0000000000        0.2900000000        
2          -0.0000000000        0.2900000000         -0.0000000000        0.2850000000        
2          -0.0000000000        0.2850000000         -0.0000000000        0.2800000000        
2          -0.0000000000        0.2800000000         -0.0000000000        0.2750000000        
2          -0.0000000000        0.2750000000         -0.0000000000        0.2700000000        
2          -0.0000000000        0.2700000000         -0.0000000000        0.2650000000        
2          -0.0000000000        0.2650000000         -0.0000000000        0.2600000000        
2          -0.0000000000        0.2600000000         -0.0000000000        0.2550000000        
2          -0.0000000000        0.2550000000         -0.0000000000        0.2500000000        
2          -0.0000000000        0.2500000000         -0.0000000000        0.2450000000        
2          -0.0000000000        0.2450000000         -0.0000000000        0.2400000000        
2          -0.0000000000        0.2400000000         -0.0000000000        0.2350000000        
2          -0.0000000000        0.2350000000         -0.0000000000        0.2300000000        
2          -0.0000000000        0.2300000000         -0.0000000000        0.2250000000        
2          -0.0000000000        0.2250000000         -0.0000000000        0.2200000000        
2          -0.0000000000        0.2200000000         -0.0000000000        0.2150000000        
2          -0.0000000000        0.2150000000         -0.0000000000        0.2100000000        
2          -0.0000000000        0.2100000000         -0.0000000000        0.2050000000        
2          -0.0000000000        0.2050000000         -0.0000000000        0.2000000000        
2          -0.0000000000        0.2000000000         -0.0000000000        0.1950000000        
2          -0.0000000000        0.1950000000         -0.0000000000        0.1900000000        
2          -0.0000000000        0.1900000000         -0.0000000000        0.1850000000        
2          -0.0000000000        0.1850000000         -0.0000000000        0.1800000000        
2          -0.0000000000        0.1800000000         -0.0000000000        0.1750000000        
2          -0.0000000000        0.1750000000         -0.0000000000        0.1700000000        
2          -0.0000000000        0.1700000000         -0.0000000000        0.1650000000        
2          -0.0000000000        0.1650000000         -0.0000000000        0.1600000000        
2          -0.0000000000        0.1600000000         -0.0000000000        0.1550000000        
2          -0.0000000000        0.1550000000         -0.0000000000        0.1500000000        
2          -0.0000000000        0.1500000000         -0.0000000000        0.1450000000        
2          -0.0000000000        0.1450000000         -0.0000000000        0.1400000000        
2          -0.0000000000        0.1400000000         -0.0000000000        0.1350000000        
2          -0.0000000000        0.1350000000         -0.0000000000        0.1300000000        
2          -0.0000000000        0.1300000000         -0.0000000000        0.1250000000        
2          -0.0000000000        0.1250000000         -0.0000000000        0.1200000000        
2          -0.0000000000        0.1200000000         -0.0000000000        0.1150000000        
2          -0.0000000000        0.1150000000         -0.0000000000        0.1100000000        
2          -0.0000000000        0.1100000000         -0.0000000000        0.1050000000        
2          -0.0000000000        0.1050000000         -0.0000000000        0.1000000000        
2          -0.0000000000        0.1000000000         -0.0000000000        0.0950000000        
2          -0.0000000000        0.0950000000         -0.0000000000        0.0900000000        
2          -0.0000000000        0.0900000000         -0.0000000000        0.0850000000        
2          -0.0000000000        0.0850000000         -0.0000000000        0.0800000000        
2          -0.0000000000        0.0800000000         -0.0000000000        0.0750000000        
2          -0.0000000000        0.0750000000         -0.0000000000        0.0700000000        
2          -0.0000000000        0.0700000000         -0.0000000000        0.0650000000        
2          -0.0000000000        0.0650000000         -0.0000000000        0.0600000000        
2          -0.0000000000        0.0600000000         -0.0000000000        0.0550000000        
2          -0.0000000000        0.0550000000         -0.0000000000        0.0500000000        
2          -0.0000000000        0.0500000000         -0.0000000000        0.0450000000        
2          -0.0000000000        0.0450000000         -0.0000000000        0.0400000000        
2          -0.0000000000        0.0400000000         -0.0000000000        0.0350000000        
2          -0.0000000000        0.0350000000         -0.0000000000        0.0300000000        
2          -0.0000000000        0.0300000000         -0.0000000000        0.0250000000        
2          -0.0000000000        0.0250000000         -0.0000000000        0.0200000000        
2          -0.0000000000        0.0200000000         -0.0000000000        0.0150000000        
2          -0.0000000000        0.0150000000         -0.0000000000        0.0100000000        
2          -0.0000000000        0.0100000000         -0.0000000000        0.0050000000        
2          -0.0000000000        0.0050000000         -0.0000000000        0.0000000000        
2          -0.0000000000        0.0000000000         0.0050000000         0.0000000000        
2          0.0050000000         0.0000000000         0.0100000000         0.0000000000        
2          0.0100000000         0.0000000000         0.0150000000         0.0000000000        
2          0.0150000000         0.0000000000         0.0200000000         0.0000000000        
2          0.0200000000         0.0000000000         0.0250000000         0.0000000000        
2          0.0250000000         0.0000000000         0.0300000000         0.0000000000        
2          0.0300000000         0.0000000000         0.0350000000         0.0000000000        
2          0.0350000000         0.0000000000         0.0400000000         0.0000000000        
2          0.0400000000         0.0000000000         0.0450000000         0.0000000000        
2          0.0450000000         0.0000000000         0.0500000000         0.0000000000        
2          0.0500000000         0.0000000000         0.0550000000         0.0000000000        
2          0.0550000000         0.0000000000         0.0600000000         0.0000000000        
2          0.0600000000         0.0000000000         0.0650000000         0.0000000000        
2          0.0650000000         0.0000000000         0.0700000000         0.0000000000        
2          0.0700000000         0.0000000000         0.0750000000         0.0000000000        
2          0.0750000000         0.0000000000         0.0800000000         0.0000000000        
2          0.0800000000         0.0000000000         0.0850000000         0.0000000000        
2          0.0850000000         0.0000000000         0.0900000000         0.0000000000        
2          0.0900000000         0.0000000000         0.0950000000         0.0000000000        
2          0.0950000000         0.0000000000         0.1000000000         0.0000000000        
2          0.1000000000         0.0000000000         0.1050000000         0.0000000000        
2          0.1050000000         0.0000000000         0.1100000000         0.0000000000        
2          0.1100000000         0.0000000000         0.1150000000         0.0000000000        
2          0.1150000000         0.0000000000         0.1200000000         0.0000000000        
2          0.1200000000         0.0000000000         0.1250000000         0.0000000000        
2          0.1250000000         0.0000000000         0.1300000000         0.0000000000        
2          0.1300000000         0.0000000000         0.1350000000         0.0000000000        
2          0.1350000000         0.0000000000         0.1400000000         0.0000000000        
2          0.1400000000         0.0000000000         0.1450000000         0.0000000000        
2          0.1450000000         0.0000000000         0.1500000000         0.0000000000        
2          0.1500000000         0.0000000000         0.1550000000         0.0000000000        
2          0.1550000000         0.0000000000         0.1600000000         0.0000000000        
2          0.1600000000         0.0000000000         0.1650000000         0.0000000000        
2          0.1650000000         0.0000000000         0.1700000000         0.0000000000        
2          0.1700000000         0.0000000000         0.1750000000         0.0000000000        
2          0.1750000000         0.0000000000         0.1800000000         0.0000000000        
2          0.1800000000         0.0000000000         0.1850000000         0.0000000000        
2          0.1850000000         0.0000000000         0.1900000000         0.0000000000        
2          0.1900000000         0.0000000000         0.1950000000         0.0000000000        
2          0.1950000000         0.0000000000         0.2000000000         0.0000000000        
2          0.2000000000         0.0000000000         0.2050000000         0.0000000000        
2          0.2050000000         0.0000000000         0.2100000000         0.0000000000        
2          0.2100000000         0.0000000000         0.2150000000         0.0000000000        
2          0.2150000000         0.0000000000         0.2200000000         0.0000000000        
2          0.2200000000         0.0000000000         0.2250000000         0.0000000000        
2          0.2250000000         0.0000000000         0.2300000000         0.0000000000        
2          0.2300000000         0.0000000000         0.2350000000         0.0000000000        
2          0.2350000000         0.0000000000         0.2400000000         0.0000000000        
2          0.2400000000         0.0000000000         0.2450000000         0.0000000000        
2          0.2450000000         0.0000000000         0.2500000000         0.0000000000        
2          0.2500000000         0.0000000000         0.2550000000         0.0000000000        
2          0.2550000000         0.0000000000         0.2600000000         0.0000000000        
2          0.2600000000         0.0000000000         0.2650000000         0.0000000000        
2          0.2650000000         0.0000000000         0.2700000000         0.0000000000        
2          0.2700000000         0.0000000000         0.2750000000         0.0000000000        
2          0.2750000000         0.0000000000         0.2800000000         0.0000000000        
2          0.2800000000         0.0000000000         0.2850000000         0.0000000000        
2          0.2850000000         0.0000000000         0.2900000000         0.0000000000        
2          0.2900000000         0.0000000000         0.2950000000         0.0000000000        
2          0.2950000000         0.0000000000         0.3000000000         0.0000000000        
2          0.3000000000         0.0000000000         0.3050000000         0.0000000000        
2          0.3050000000         0.0000000000         0.3100000000         0.0000000000        
2          0.3100000000         0.0000000000         0.3150000000         0.0000000000        
2          0.3150000000         0.0000000000         0.3200000000         0.0000000000        
2          0.3200000000         0.0000000000         0.3250000000         0.0000000000        
2          0.3250000000         0.0000000000         0.3300000000         0.0000000000        
2          0.3300000000         0.0000000000         0.3350000000         0.0000000000        
2          0.3350000000         0.0000000000         0.3400000000         0.0000000000        
2          0.3400000000         0.0000000000         0.3450000000         0.0000000000        
2          0.3450000000         0.0000000000         0.3500000000         0.0000000000        
2          0.3500000000         0.0000000000         0.3550000000         0.0000000000        
2          0.3550000000         0.0000000000         0.3600000000         0.0000000000        
2          0.3600000000         0.0000000000         0.3650000000         0.0000000000        
2          0.3650000000         0.0000000000         0.3700000000         0.0000000000        
2          0.3700000000         0.0000000000         0.3750000000         0.0000000000        
2          0.3750000000         0.0000000000         0.3800000000         0.0000000000        
2          0.3800000000         0.0000000000         0.3850000000         0.0000000000        
2          0.3850000000         0.0000000000         0.3900000000         0.0000000000        
2          0.3900000000         0.0000000000         0.3950000000         0.0000000000        
2          0.3950000000         0.0000000000         0.4000000000         0.0000000000        
2          0.4000000000         0.0000000000         0.4050000000         0.0000000000        
2          0.4050000000         0.0000000000         0.4100000000         0.0000000000        
2          0.4100000000         0.0000000000         0.4150000000         0.0000000000        
2          0.4150000000         0.0000000000         0.4200000000         0.0000000000        
2          0.4200000000         0.0000000000         0.4250000000         0.0000000000        
2          0.4250000000         0.0000000000         0.4250000000         0.0050000000        
2          0.4250000000         0.0050000000         0.4250000000         0.0100000000        
2          0.4250000000         0.0100000000         0.4250000000         0.0150000000        
2          0.4250000000         0.0150000000         0.4250000000         0.0200000000        
2          0.4250000000         0.0200000000         0.4250000000         0.0250000000        
2          0.4250000000         0.0250000000         0.4250000000         0.0300000000        
2          0.4250000000         0.0300000000         0.4250000000         0.0350000000        
2          0.4250000000         0.0350000000         0.4250000000         0.0400000000        
2          0.4250000000         0.0400000000         0.4250000000         0.0450000000        
2          0.4250000000         0.0450000000         0.4250000000         0.0500000000        
2          0.4250000000         0.0500000000         0.4250000000         0.0550000000        
2          0.4250000000         0.0550000000         0.4250000000         0.0600000000        
2          0.4250000000         0.0600000000         0.4250000000         0.0650000000        
2          0.4250000000         0.0650000000         0.4250000000         0.0700000000        
2          0.4250000000         0.0700000000         0.4250000000         0.0750000000        
2          0.4250000000         0.0750000000         0.4250000000         0.0800000000        
2          0.4250000000         0.0800000000         0.4250000000         0.0850000000        
2          0.4250000000         0.0850000000         0.4250000000         0.0900000000        
2          0.4250000000         0.0900000000         0.4250000000         0.0950000000        
2          0.4250000000         0.0950000000         0.4250000000         0.1000000000        
2          0.4250000000         0.1000000000         0.4250000000         0.1050000000        
2          0.4250000000         0.1050000000         0.4250000000         0.1100000000        
2          0.4250000000         0.1100000000         0.4250000000         0.1150000000        
2          0.4250000000         0.1150000000         0.4250000000         0.1200000000        
2          0.4250000000         0.1200000000         0.4250000000         0.1250000000        
2          0.4250000000         0.1250000000         0.4250000000         0.1300000000        
2          0.4250000000         0.1300000000         0.4250000000         0.1350000000        
2          0.4250000000         0.1350000000         0.4250000000         0.1400000000        
2          0.4250000000         0.1400000000         0.4250000000         0.1450000000        
2          0.4250000000         0.1450000000         0.4250000000         0.1500000000        
2          0.4250000000         0.1500000000         0.4250000000         0.1550000000        
2          0.4250000000         0.1550000000         0.4250000000         0.1600000000        
2          0.4250000000         0.1600000000         0.4250000000         0.1650000000        
2          0.4250000000         0.1650000000         0.4250000000         0.1700000000        
2          0.4250000000         0.1700000000         0.4250000000         0.1750000000        
2          0.4250000000         0.1750000000         0.4250000000         0.1800000000        
2          0.4250000000         0.1800000000         0.4250000000         0.1850000000        
2          0.4250000000         0.1850000000         0.4250000000         0.1900000000        
2          0.4250000000         0.1900000000         0.4250000000         0.1950000000        
2          0.4250000000         0.1950000000         0.4250000000         0.2000000000        
2          0.4250000000         0.2000000000         0.4250000000         0.2050000000        
2          0.4250000000         0.2050000000         0.4250000000         0.2100000000        
2          0.4250000000         0.2100000000         0.4250000000         0.2150000000        
2          0.4250000000         0.2150000000         0.4250000000         0.2200000000        
2          0.4250000000         0.2200000000         0.4250000000         0.2250000000        
2          0.4250000000         0.2250000000         0.4250000000         0.2300000000        
2          0.4250000000         0.2300000000         0.4250000000         0.2350000000        
2          0.4250000000         0.2350000000         0.4250000000         0.2400000000        
2          0.4250000000         0.2400000000         0.4250000000         0.2450000000        
2          0.4250000000         0.2450000000         0.4250000000         0.2500000000        
2          0.4250000000         0.2500000000         0.4300000000         0.2500000000        
2          0.4300000000         0.2500000000         0.4350000000         0.2500000000        
2          0.4350000000         0.2500000000         0.4400000000         0.2500000000        
2          0.4400000000         0.2500000000         0.4450000000         0.2500000000        
2          0.4450000000         0.2500000000         0.4500000000         0.2500000000        
2          0.4500000000         0.2500000000         0.4550000000         0.2500000000        
2          0.4550000000         0.2500000000         0.4600000000         0.2500000000        
2          0.4600000000         0.2500000000         0.4650000000         0.2500000000        
2          0.4650000000         0.2500000000         0.4700000000         0.2500000000        
2          0.4700000000         0.2500000000         0.4750000000         0.2500000000        
2          0.4750000000         0.2500000000         0.4800000000         0.2500000000        
2          0.4800000000         0.2500000000         0.4850000000         0.2500000000        
2          0.4850000000         0.2500000000         0.4900000000         0.2500000000        
2          0.4900000000         0.2500000000         0.4950000000         0.2500000000        
2          0.4950000000         0.2500000000         0.5000000000         0.2500000000        
2          0.5000000000         0.2500000000         0.5050000000         0.2500000000        
2          0.5050000000         0.2500000000         0.5100000000         0.2500000000        
2          0.5100000000         0.2500000000         0.5150000000         0.2500000000        
2          0.5150000000         0.2500000000         0.5200000000         0.2500000000        
2          0.5200000000         0.2500000000         0.5250000000         0.2500000000        
2          0.5250000000         0.2500000000         0.5300000000         0.2500000000        
2          0.5300000000         0.2500000000         0.5350000000         0.2500000000        
2          0.5350000000         0.2500000000         0.5400000000         0.2500000000        
2          0.5400000000         0.2500000000         0.5450000000         0.2500000000        
2          0.5450000000         0.2500000000         0.5500000000         0.2500000000        
2          0.5500000000         0.2500000000         0.5550000000         0.2500000000        
2          0.5550000000         0.2500000000         0.5600000000         0.2500000000        
2          0.5600000000         0.2500000000         0.5650000000         0.2500000000        
2          0.5650000000         0.2500000000         0.5700000000         0.2500000000        
2          0.5700000000         0.2500000000         0.5750000000         0.2500000000        
2          0.5750000000         0.2500000000         0.5750000000         0.2450000000        
2          0.5750000000         0.2450000000         0.5750000000         0.2400000000        
2          0.5750000000         0.2400000000         0.5750000000         0.2350000000        
2          0.5750000000         0.2350000000         0.5750000000         0.2300000000        
2          0.5750000000         0.2300000000         0.5750000000         0.2250000000        
2          0.5750000000         0.2250000000         0.5750000000         0.2200000000        
2          0.5750000000         0.2200000000         0.5750000000         0.2150000000        
2          0.5750000000         0.2150000000         0.5750000000         0.2100000000        
2          0.5750000000         0.2100000000         0.5750000000         0.2050000000        
2          0.5750000000         0.2050000000         0.5750000000         0.2000000000        
2          0.5750000000         0.2000000000         0.5750000000         0.1950000000        
2          0.5750000000         0.1950000000         0.5750000000         0.1900000000        
2          0.5750000000         0.1900000000         0.5750000000         0.1850000000        
2          0.5750000000         0.1850000000         0.5750000000         0.1800000000        
2          0.5750000000         0.1800000000         0.5750000000         0.1750000000        
2          0.5750000000         0.1750000000         0.5750000000         0.1700000000        
2          0.5750000000         0.1700000000         0.5750000000         0.1650000000        
2          0.5750000000         0.1650000000         0.5750000000         0.1600000000        
2          0.5750000000         0.1600000000         0.5750000000         0.1550000000        
2          0.5750000000         0.1550000000         0.5750000000         0.1500000000        
2          0.5750000000         0.1500000000         0.5750000000         0.1450000000        
2          0.5750000000         0.1450000000         0.5750000000         0.1400000000        
2          0.5750000000         0.1400000000         0.5750000000         0.1350000000        
2          0.5750000000         0.1350000000         0.5750000000         0.1300000000        
2          0.5750000000         0.1300000000         0.5750000000         0.1250000000        
2          0.5750000000         0.1250000000         0.5750000000         0.1200000000        
2          0.5750000000         0.1200000000         0.5750000000         0.1150000000        
2          0.5750000000         0.1150000000         0.5750000000         0.1100000000        
2          0.5750000000         0.1100000000         0.5750000000         0.1050000000        
2          0.5750000000         0.1050000000         0.5750000000         0.1000000000        
2          0.5750000000         0.1000000000         0.5750000000         0.0950000000        
2          0.5750000000         0.0950000000         0.5750000000         0.0900000000        
2          0.5750000000         0.0900000000         0.5750000000         0.0850000000        
2          0.5750000000         0.0850000000         0.5750000000         0.0800000000        
2          0.5750000000         0.0800000000         0.5750000000         0.0750000000        
2          0.5750000000         0.0750000000         0.5750000000         0.0700000000        
2          0.5750000000         0.0700000000         0.5750000000         0.0650000000        
2          0.5750000000         0.0650000000         0.5750000000         0.0600000000        
2          0.5750000000         0.0600000000         0.5750000000         0.0550000000        
2          0.5750000000         0.0550000000         0.5750000000         0.0500000000        
2          0.5750000000         0.0500000000         0.5750000000         0.0450000000        
2          0.5750000000         0.0450000000         0.5750000000         0.0400000000        
2          0.5750000000         0.0400000000         0.5750000000         0.0350000000        
2          0.5750000000         0.0350000000         0.5750000000         0.0300000000        
2          0.5750000000         0.0300000000         0.5750000000         0.0250000000        
2          0.5750000000         0.0250000000         0.5750000000         0.0200000000        
2          0.5750000000         0.0200000000         0.5750000000         0.0150000000        
2          0.5750000000         0.0150000000         0.5750000000         0.0100000000        
2          0.5750000000         0.0100000000         0.5750000000         0.0050000000        
2          0.5750000000         0.0050000000         0.5750000000         0.0000000000        
2          0.5750000000         0.0000000000         0.5800427000         0.0000000000        
2          0.5800427000         0.0000000000         0.5850855000         0.0000000000        
2          0.5850855000         0.0000000000         0.5901282000         0.0000000000        
2          0.5901282000         0.0000000000         0.5951710000         0.0000000000        
2          0.5951710000         0.0000000000         0.6002137000         0.0000000000        
2          0.6002137000         0.0000000000         0.6052565000         0.0000000000        
2          0.6052565000         0.0000000000         0.6102992000         0.0000000000        
2          0.6102992000         0.0000000000         0.6153420000         0.0000000000        
2          0.6153420000         0.0000000000         0.6203847000         0.0000000000        
2          0.6203847000         0.0000000000         0.6254275000         0.0000000000        
2          0.6254275000         0.0000000000         0.6304702000         0.0000000000        
2          0.6304702000         0.0000000000         0.6355130000         0.0000000000        
2          0.6355130000         0.0000000000         0.6405557000         0.0000000000        
2          0.6405557000         0.0000000000         0.6455984000         0.0000000000        
2          0.6455984000         0.0000000000         0.6506412000         0.0000000000        
2          0.6506412000         0.0000000000         0.6556839000         0.0000000000        
2          0.6556839000         0.0000000000         0.6607267000         0.0000000000        
2          0.6607267000         0.0000000000         0.6657694000         0.0000000000        
2          0.6657694000         0.0000000000         0.6708122000         0.0000000000        
2          0.6708122000         0.0000000000         0.6758549000         0.0000000000        
2          0.6758549000         0.0000000000         0.6808977000         0.0000000000        
2          0.6808977000         0.0000000000         0.6859404000         0.0000000000        
2          0.6859404000         0.0000000000         0.6909832000         0.0000000000        
2          0.6909832000         0.0000000000         0.6960259000         0.0000000000        
2          0.6960259000         0.0000000000         0.7010687000         0.0000000000        
2          0.7010687000         0.0000000000         0.7061114000         0.0000000000        
2          0.7061114000         0.0000000000         0.7111541000         0.0000000000        
2          0.7111541000         0.0000000000         0.7161969000         0.0000000000        
2          0.7161969000         0.0000000000         0.7212396000         0.0000000000        
2          0.7212396000         0.0000000000         0.7262824000         0.0000000000        
2          0.7262824000         0.0000000000         0.7313251000         0.0000000000        
2          0.7313251000         0.0000000000         0.7363679000         0.0000000000        
2          0.7363679000         0.0000000000         0.7414106000         0.0000000000        
2          0.7414106000         0.0000000000         0.7464534000         0.0000000000        
2          0.7464534000         0.0000000000         0.7514961000         0.0000000000        
2          0.7514961000         0.0000000000         0.7565389000         0.0000000000        
2          0.7565389000         0.0000000000         0.7615816000         0.0000000000        
2          0.7615816000         0.0000000000         0.7666244000         0.0000000000        
2          0.7666244000         0.0000000000         0.7716671000         0.0000000000        
2          0.7716671000         0.0000000000         0.7767098000         0.0000000000        
2          0.7767098000         0.0000000000         0.7817526000         0.0000000000        
2          0.7817526000         0.0000000000         0.7867953000         0.0000000000        
2          0.7867953000         0.0000000000         0.7918381000         0.0000000000        
2          0.7918381000         0.0000000000         0.7968808000         0.0000000000        
2          0.7968808000         0.0000000000         0.8019236000         0.0000000000        
2          0.8019236000         0.0000000000         0.8069663000         0.0000000000        
2          0.8069663000         0.0000000000         0.8120091000         0.0000000000        
2          0.8120091000         0.0000000000         0.8170518000         0.0000000000        
2          0.8170518000         0.0000000000         0.8220946000         0.0000000000        
2          0.8220946000         0.0000000000         0.8271373000         0.0000000000        
2          0.8271373000         0.0000000000         0.8321801000         0.0000000000        
2          0.8321801000         0.0000000000         0.8354074000         0.0038461540        
2          0.8354074000         0.0038461540         0.8386347000         0.0076923080        
2          0.8386347000         0.0076923080         0.8418620000         0.0115384600        
2          0.8418620000         0.0115384600         0.8450893000         0.0153846200        
2          0.8450893000         0.0153846200         0.8483166000         0.0192307700        
2          0.8483166000         0.0192307700         0.8515439000         0.0230769200        
2          0.8515439000         0.0230769200         0.8547712000         0.0269230800        
2          0.8547712000         0.0269230800         0.8579985000         0.0307692300        
2          0.8579985000         0.0307692300         0.8612258000         0.0346153800        
2          0.8612258000         0.0346153800         0.8644531000         0.0384615400        
2          0.8644531000         0.0384615400         0.8676804000         0.0423076900        
2          0.8676804000         0.0423076900         0.8709077000         0.0461538500        
2          0.8709077000         0.0461538500         0.8741350000         0.0500000000        
2          0.8741350000         0.0500000000         0.8773623000         0.0538461500        
2          0.8773623000         0.0538461500         0.8805897000         0.0576923100        
2          0.8805897000         0.0576923100         0.8838170000         0.0615384600        
2          0.8838170000         0.0615384600         0.8870443000         0.0653846200        
2          0.8870443000         0.0653846200         0.8902716000         0.0692307700        
2          0.8902716000         0.0692307700         0.8934989000         0.0730769200        
2          0.8934989000         0.0730769200         0.8967262000         0.0769230800        
2          0.8967262000         0.0769230800         0.8999535000         0.0807692300        
2          0.8999535000         0.0807692300         0.9031808000         0.0846153800        
2          0.9031808000         0.0846153800         0.9064081000         0.0884615400        
2          0.9064081000         0.0884615400         0.9096354000         0.0923076900        
2          0.9096354000         0.0923076900         0.9128627000         0.0961538500        
2          0.9128627000         0.0961538500         0.9160900000         0.1000000000        
2          0.9160900000         0.1000000000         0.9193173000         0.1038462000        
2          0.9193173000         0.1038462000         0.9225446000         0.1076923000        
2          0.9225446000         0.1076923000         0.9257719000         0.1115385000        
2          0.9257719000         0.1115385000         0.9289993000         0.1153846000        
2          0.9289993000         0.1153846000         0.9322266000         0.1192308000        
2          0.9322266000         0.1192308000         0.9354539000         0.1230769000        
2          0.9354539000         0.1230769000         0.9386812000         0.1269231000        
2          0.9386812000         0.1269231000         0.9419085000         0.1307692000        
2          0.9419085000         0.1307692000         0.9451358000         0.1346154000        
2          0.9451358000         0.1346154000         0.9483631000         0.1384615000        
2          0.9483631000         0.1384615000         0.9515904000         0.1423077000        
2          0.9515904000         0.1423077000         0.9548177000         0.1461538000        
2          0.9548177000         0.1461538000         0.9580450000         0.1500000000        
2          0.9580450000         0.1500000000         0.9612723000         0.1538462000        
2          0.9612723000         0.1538462000         0.9644996000         0.1576923000        
2          0.9644996000         0.1576923000         0.9677269000         0.1615385000        
2          0.9677269000         0.1615385000         0.9709542000         0.1653846000        
2          0.9709542000         0.1653846000         0.9741815000         0.1692308000        
2          0.9741815000         0.1692308000         0.9774089000         0.1730769000        
2          0.9774089000         0.1730769000         0.9806362000         0.1769231000        
2          0.9806362000         0.1769231000         0.9838635000         0.1807692000        
2          0.9838635000         0.1807692000         0.9870908000         0.1846154000        
2          0.9870908000         0.1846154000         0.9903181000         0.1884615000        
2          0.9903181000         0.1884615000         0.9935454000         0.1923077000        
2          0.9935454000         0.1923077000         0.9967727000         0.1961538000        
2          0.9967727000         0.1961538000         1.0000000000         0.2000000000        
2          1.0000000000         0.2000000000         1.0016930000         0.1953488000        
2          1.0016930000         0.1953488000         1.0033860000         0.1906977000        
2          1.0033860000         0.1906977000         1.0050790000         0.1860465000        
2          1.0050790000         0.1860465000         1.0067720000         0.1813953000        
2          1.0067720000         0.1813953000         1.0084640000         0.1767442000        
2          1.0084640000         0.1767442000         1.0101570000         0.1720930000        
2          1.0101570000         0.1720930000         1.0118500000         0.1674419000        
2          1.0118500000         0.1674419000         1.0135430000         0.1627907000        
2          1.0135430000         0.1627907000         1.0152360000         0.1581395000        
2          1.0152360000         0.1581395000         1.0169290000         0.1534884000        
2          1.0169290000         0.1534884000         1.0186220000         0.1488372000        
2          1.0186220000         0.1488372000         1.0203150000         0.1441860000        
2          1.0203150000         0.1441860000         1.0220080000         0.1395349000        
2          1.0220080000         0.1395349000         1.0237000000         0.1348837000        
2          1.0237000000         0.1348837000         1.0253930000         0.1302326000        
2          1.0253930000         0.1302326000         1.0270860000         0.1255814000        
2          1.0270860000         0.1255814000         1.0287790000         0.1209302000        
2          1.0287790000         0.1209302000         1.0304720000         0.1162791000        
2          1.0304720000         0.1162791000         1.0321650000         0.1116279000        
2          1.0321650000         0.1116279000         1.0338580000         0.1069767000        
2          1.0338580000         0.1069767000         1.0355510000         0.1023256000        
2          1.0355510000         0.1023256000         1.0372430000         0.0976744200        
2          1.0372430000         0.0976744200         1.0389360000         0.0930232600        
2          1.0389360000         0.0930232600         1.0406290000         0.0883720900        
2          1.0406290000         0.0883720900         1.0423220000         0.0837209300        
2          1.0423220000         0.0837209300         1.0440150000         0.0790697700        
2          1.0440150000         0.0790697700         1.0457080000         0.0744186000        
2          1.0457080000         0.0744186000         1.0474010000         0.0697674400        
2          1.0474010000         0.0697674400         1.0490940000         0.0651162800        
2          1.0490940000         0.0651162800         1.0507870000         0.0604651200        
2          1.0507870000         0.0604651200         1.0524790000         0.0558139500        
2          1.0524790000         0.0558139500         1.0541720000         0.0511627900        
2          1.0541720000         0.0511627900         1.0558650000         0.0465116300        
2          1.0558650000         0.0465116300         1.0575580000         0.0418604700        
2          1.0575580000         0.0418604700         1.0592510000         0.0372093000        
2          1.0592510000         0.0372093000         1.0609440000         0.0325581400        
2          1.0609440000         0.0325581400         1.0626370000         0.0279069800        
2          1.0626370000         0.0279069800         1.0643300000         0.0232558100        
2          1.0643300000         0.0232558100         1.0660230000         0.0186046500        
2          1.0660230000         0.0186046500         1.0677150000         0.0139534900        
2          1.0677150000         0.0139534900         1.0694080000         0.0093023260        
2          1.0694080000         0.0093023260         1.0711010000         0.0046511630        
2          1.0711010000         0.0046511630         1.0727940000         -0.0000000000       
2          1.0727940000         -0.0000000000        1.0778000000         -0.0000000000       
2          1.0778000000         -0.0000000000        1.0828070000         -0.0000000000       
2          1.0828070000         -0.0000000000        1.0878130000         -0.0000000000       
2          1.0878130000         -0.0000000000        1.0928200000         -0.0000000000       
2          1.0928200000         -0.0000000000        1.0978260000         -0.0000000000       
2          1.0978260000         -0.0000000000        1.1028320000         -0.0000000000       
2          1.1028320000         -0.0000000000        1.1078390000         -0.0000000000       
2          1.1078390000         -0.0000000000        1.1128450000         -0.0000000000       
2          1.1128450000         -0.0000000000        1.1178520000         -0.0000000000       
2          1.1178520000         -0.0000000000        1.1228580000         -0.0000000000       
2          1.1228580000         -0.0000000000        1.1278640000         -0.0000000000       
2          1.1278640000         -0.0000000000        1.1328710000         -0.0000000000       
2          1.1328710000         -0.0000000000        1.1378770000         -0.0000000000       
2          1.1378770000         -0.0000000000        1.1428840000         -0.0000000000       
2          1.1428840000         -0.0000000000        1.1478900000         -0.0000000000       
2          1.1478900000         -0.0000000000        1.1528960000         -0.0000000000       
2          1.1528960000         -0.0000000000        1.1579030000         -0.0000000000       
2          1.1579030000         -0.0000000000        1.1629090000         -0.0000000000       
2          1.1629090000         -0.0000000000        1.1679150000         -0.0000000000       
2          1.1679150000         -0.0000000000        1.1729220000         -0.0000000000       
2          1.1729220000         -0.0000000000        1.1779280000         -0.0000000000       
2          1.1779280000         -0.0000000000        1.1829350000         -0.0000000000       
2          1.1829350000         -0.0000000000        1.1879410000         -0.0000000000       
2          1.1879410000         -0.0000000000        1.1929470000         -0.0000000000       
2          1.1929470000         -0.0000000000        1.1979540000         -0.0000000000       
2          1.1979540000         -0.0000000000        1.2029600000         -0.0000000000       
2          1.2029600000         -0.0000000000        1.2079670000         -0.0000000000       
2          1.2079670000         -0.0000000000        1.2129730000         -0.0000000000       
2          1.2129730000         -0.0000000000        1.2179790000         -0.0000000000       
2          1.2179790000         -0.0000000000        1.2229860000         -0.0000000000       
2          1.2229860000         -0.0000000000        1.2279920000         -0.0000000000       
2          1.2279920000         -0.0000000000        1.2329980000         -0.0000000000       
2          1.2329980000         -0.0000000000        1.2380050000         -0.0000000000       
2          1.2380050000         -0.0000000000        1.2430110000         -0.0000000000       
2          1.2430110000         -0.0000000000        1.2480180000         -0.0000000000       
2          1.2480180000         -0.0000000000        1.2530240000         -0.0000000000       
2          1.2530240000         -0.0000000000        1.2580300000         -0.0000000000       
2          1.2580300000         -0.0000000000        1.2630370000         -0.0000000000       
2          1.2630370000         -0.0000000000        1.2680430000         -0.0000000000       
2          1.2680430000         -0.0000000000        1.2730500000         -0.0000000000       
2          1.2730500000         -0.0000000000        1.2780560000         -0.0000000000       
2          1.2780560000         -0.0000000000        1.2830620000         -0.0000000000       
2          1.2830620000         -0.0000000000        1.2880690000         -0.0000000000       
2          1.2880690000         -0.0000000000        1.2930750000         -0.0000000000       
2          1.2930750000         -0.0000000000        1.2980820000         -0.0000000000       
2          1.2980820000         -0.0000000000        1.3030880000         -0.0000000000       
2          1.3030880000         -0.0000000000        1.3080940000         -0.0000000000       
2          1.3080940000         -0.0000000000        1.3131010000         -0.0000000000       
2          1.3131010000         -0.0000000000        1.3181070000         -0.0000000000       
2          1.3181070000         -0.0000000000        1.3231130000         -0.0000000000       
2          1.3231130000         -0.0000000000        1.3281200000         -0.0000000000       
2          1.3281200000         -0.0000000000        1.3331260000         -0.0000000000       
2          1.3331260000         -0.0000000000        1.3381330000         -0.0000000000       
2          1.3381330000         -0.0000000000        1.3431390000         -0.0000000000       
2          1.3431390000         -0.0000000000        1.3481450000         -0.0000000000       
2          1.3481450000         -0.0000000000        1.3531520000         -0.0000000000       
2          1.3531520000         -0.0000000000        1.3581580000         -0.0000000000       
2          1.3581580000         -0.0000000000        1.3631650000         -0.0000000000       
2          1.3631650000         -0.0000000000        1.3681710000         -0.0000000000       
2          1.3681710000         -0.0000000000        1.3731770000         -0.0000000000       
2          1.3731770000         -0.0000000000        1.3781840000         -0.0000000000       
2          1.3781840000         -0.0000000000        1.3831900000         -0.0000000000       
2          1.3831900000         -0.0000000000        1.3881970000         0.0000000000        
2          1.3881970000         0.0000000000         1.3849340000         0.0037897640        
2          1.3849340000         0.0037897640         1.3817940000         0.0076822510        
2          1.3817940000         0.0076822510         1.3787810000         0.0116741100        
2          1.3787810000         0.0116741100         1.3759010000         0.0157619900        
2          1.3759010000         0.0157619900         1.3731580000         0.0199425500        
2          1.3731580000         0.0199425500         1.3705560000         0.0242124300        
2          1.3705560000         0.0242124300         1.3681000000         0.0285682900        
2          1.3681000000         0.0285682900         1.3657930000         0.0330049600        
2          1.3657930000         0.0330049600         1.3636350000         0.0375161500        
2          1.3636350000         0.0375161500         1.3616280000         0.0420967100        
2          1.3616280000         0.0420967100         1.3597740000         0.0467415100        
2          1.3597740000         0.0467415100         1.3580770000         0.0514453900        
2          1.3580770000         0.0514453900         1.3565360000         0.0562032100        
2          1.3565360000         0.0562032100         1.3551560000         0.0610098100        
2          1.3551560000         0.0610098100         1.3539370000         0.0658598800        
2          1.3539370000         0.0658598800         1.3528810000         0.0707479000        
2          1.3528810000         0.0707479000         1.3519880000         0.0756684000        
2          1.3519880000         0.0756684000         1.3512590000         0.0806159000        
2          1.3512590000         0.0806159000         1.3506950000         0.0855848900        
2          1.3506950000         0.0855848900         1.3502970000         0.0905699100        
2          1.3502970000         0.0905699100         1.3500660000         0.0955654400        
2          1.3500660000         0.0955654400         1.3500010000         0.1005659000        
2          1.3500010000         0.1005659000         1.3501040000         0.1055657000        
2          1.3501040000         0.1055657000         1.3503730000         0.1105594000        
2          1.3503730000         0.1105594000         1.3508080000         0.1155413000        
2          1.3508080000         0.1155413000         1.3514090000         0.1205060000        
2          1.3514090000         0.1205060000         1.3521750000         0.1254479000        
2          1.3521750000         0.1254479000         1.3531050000         0.1303615000        
2          1.3531050000         0.1303615000         1.3541990000         0.1352412000        
2          1.3541990000         0.1352412000         1.3554550000         0.1400818000        
2          1.3554550000         0.1400818000         1.3568720000         0.1448778000        
2          1.3568720000         0.1448778000         1.3584470000         0.1496241000        
2          1.3584470000         0.1496241000         1.3601800000         0.1543153000        
2          1.3601800000         0.1543153000         1.3620680000         0.1589461000        
2          1.3620680000         0.1589461000         1.3641090000         0.1635113000        
2          1.3641090000         0.1635113000         1.3663020000         0.1680057000        
2          1.3663020000         0.1680057000         1.3686440000         0.1724245000        
2          1.3686440000         0.1724245000         1.3711310000         0.1767629000        
2          1.3711310000         0.1767629000         1.3737620000         0.1810161000        
2          1.3737620000         0.1810161000         1.3765320000         0.1851795000        
2          1.3765320000         0.1851795000         1.3794400000         0.1892481000        
2          1.3794400000         0.1892481000         1.3824820000         0.1932173000        
2          1.3824820000         0.1932173000         1.3856550000         0.1970826000        
2          1.3856550000         0.1970826000         1.3889550000         0.2008401000        
2          1.3889550000         0.2008401000         1.3923780000         0.2044856000        
2          1.3923780000         0.2044856000         1.3959210000         0.2080153000        
2          1.3959210000         0.2080153000         1.3995790000         0.2114250000        
2          1.3995790000         0.2114250000         1.4033490000         0.2147109000        
2          1.4033490000         0.2147109000         1.4072270000         0.2178689000        
2          1.4072270000         0.2178689000         1.4112080000         0.2208956000        
2          1.4112080000         0.2208956000         1.4152870000         0.2237879000        
2          1.4152870000         0.2237879000         1.4194610000         0.2265430000        
2          1.4194610000         0.2265430000         1.4237240000         0.2291576000        
2          1.4237240000         0.2291576000         1.4280710000         0.2316289000        
2          1.4280710000         0.2316289000         1.4324990000         0.2339538000        
2          1.4324990000         0.2339538000         1.4370020000         0.2361293000        
2          1.4370020000         0.2361293000         1.4415750000         0.2381532000        
2          1.4415750000         0.2381532000         1.4462130000         0.2400237000        
2          1.4462130000         0.2400237000         1.4509100000         0.2417388000        
2          1.4509100000         0.2417388000         1.4556620000         0.2432967000        
2          1.4556620000         0.2432967000         1.4604640000         0.2446955000        
2          1.4604640000         0.2446955000         1.4653090000         0.2459333000        
2          1.4653090000         0.2459333000         1.4701930000         0.2470084000        
2          1.4701930000         0.2470084000         1.4751100000         0.2479199000        
2          1.4751100000         0.2479199000         1.4800550000         0.2486670000        
2          1.4800550000         0.2486670000         1.4850220000         0.2492492000        
2          1.4850220000         0.2492492000         1.4900050000         0.2496659000        
2          1.4900050000         0.2496659000         1.4950000000         0.2499164000        
2          1.4950000000         0.2499164000         1.5000000000         0.2500000000        
2          1.5000000000         0.2500000000         1.5050000000         0.2499164000        
2          1.5050000000         0.2499164000         1.5099950000         0.2496659000        
2          1.5099950000         0.2496659000         1.5149780000         0.2492492000        
2          1.5149780000         0.2492492000         1.5199450000         0.2486670000        
2          1.5199450000         0.2486670000         1.5248900000         0.2479199000        
2          1.5248900000         0.2479199000         1.5298070000         0.2470084000        
2          1.5298070000         0.2470084000         1.5346910000         0.2459333000        
2          1.5346910000         0.2459333000         1.5395360000         0.2446955000        
2          1.5395360000         0.2446955000         1.5443380000         0.2432967000        
2          1.5443380000         0.2432967000         1.5490900000         0.2417388000        
2          1.5490900000         0.2417388000         1.5537870000         0.2400237000        
2          1.5537870000         0.2400237000         1.5584250000         0.2381532000        
2          1.5584250000         0.2381532000         1.5629980000         0.2361293000        
2          1.5629980000         0.2361293000         1.5675010000         0.2339538000        
2          1.5675010000         0.2339538000         1.5719290000         0.2316289000        
2          1.5719290000         0.2316289000         1.5762760000         0.2291576000        
2          1.5762760000         0.2291576000         1.5805390000         0.2265430000        
2          1.5805390000         0.2265430000         1.5847130000         0.2237879000        
2          1.5847130000         0.2237879000         1.5887920000         0.2208956000        
2          1.5887920000         0.2208956000         1.5927730000         0.2178689000        
2          1.5927730000         0.2178689000         1.5966510000         0.2147109000        
2          1.5966510000         0.2147109000         1.6004210000         0.2114250000        
2          1.6004210000         0.2114250000         1.6040790000         0.2080153000        
2          1.6040790000         0.2080153000         1.6076220000         0.2044856000        
2          1.6076220000         0.2044856000         1.6110450000         0.2008401000        
2          1.6110450000         0.2008401000         1.6143450000         0.1970826000        
2          1.6143450000         0.1970826000         1.6175180000         0.1932173000        
2          1.6175180000         0.1932173000         1.6205600000         0.1892481000        
2          1.6205600000         0.1892481000         1.6234680000         0.1851795000        
2          1.6234680000         0.1851795000         1.6262380000         0.1810161000        
2          1.6262380000         0.1810161000         1.6288690000         0.1767629000        
2          1.6288690000         0.1767629000         1.6313560000         0.1724245000        
2          1.6313560000         0.1724245000         1.6336980000         0.1680057000        
2          1.6336980000         0.1680057000         1.6358910000         0.1635113000        
2          1.6358910000         0.1635113000         1.6379320000         0.1589461000        
2          1.6379320000         0.1589461000         1.6398200000         0.1543153000        
2          1.6398200000         0.1543153000         1.6415530000         0.1496241000        
2          1.6415530000         0.1496241000         1.6431280000         0.1448778000        
2          1.6431280000         0.1448778000         1.6445450000         0.1400818000        
2          1.6445450000         0.1400818000         1.6458010000         0.1352412000        
2          1.6458010000         0.1352412000         1.6468950000         0.1303615000        
2          1.6468950000         0.1303615000         1.6478250000         0.1254479000        
2          1.6478250000         0.1254479000         1.6485910000         0.1205060000        
2          1.6485910000         0.1205060000         1.6491920000         0.1155413000        
2          1.6491920000         0.1155413000         1.6496270000         0.1105594000        
2          1.6496270000         0.1105594000         1.6498960000         0.1055657000        
2          1.6498960000         0.1055657000         1.6499990000         0.1005659000        
2          1.6499990000         0.1005659000         1.6499340000         0.0955654400        
2          1.6499340000         0.0955654400         1.6497030000         0.0905699100        
2          1.6497030000         0.0905699100         1.6493050000         0.0855848900        
2          1.6493050000         0.0855848900         1.6487410000         0.0806159000        
2          1.6487410000         0.0806159000         1.6480120000         0.0756684000        
2          1.6480120000         0.0756684000         1.6471190000         0.0707479000        
2          1.6471190000         0.0707479000         1.6460630000         0.0658598800        
2          1.6460630000         0.0658598800         1.6448440000         0.0610098100        
2          1.6448440000         0.0610098100         1.6434640000         0.0562032100        
2          1.6434640000         0.0562032100         1.6419230000         0.0514453900        
2          1.6419230000         0.0514453900         1.6402260000         0.0467415100        
2          1.6402260000         0.0467415100         1.6383720000         0.0420967100        
2          1.6383720000         0.0420967100         1.6363650000         0.0375161500        
2          1.6363650000         0.0375161500         1.6342070000         0.0330049600        
2          1.6342070000         0.0330049600         1.6319000000         0.0285682900        
2          1.6319000000         0.0285682900         1.6294440000         0.0242124300        
2          1.6294440000         0.0242124300         1.6268420000         0.0199425500        
2          1.6268420000         0.0199425500         1.6240990000         0.0157619900        
2          1.6240990000         0.0157619900         1.6212190000         0.0116741100        
2          1.6212190000         0.0116741100         1.6182060000         0.0076822510        
2          1.6182060000         0.0076822510         1.6150660000         0.0037897640        
2          1.6150660000         0.0037897640         1.6118030000         -0.0000000000       
2          1.6118030000         -0.0000000000        1.6167800000         -0.0000000000       
2          1.6167800000         -0.0000000000        1.6217570000         -0.0000000000       
2          1.6217570000         -0.0000000000        1.6267340000         -0.0000000000       
2          1.6267340000         -0.0000000000        1.6317110000         -0.0000000000       
2          1.6317110000         -0.0000000000        1.6366880000         -0.0000000000       
2          1.6366880000         -0.0000000000        1.6416650000         -0.0000000000       
2          1.6416650000         -0.0000000000        1.6466420000         -0.0000000000       
2          1.6466420000         -0.0000000000        1.6516180000         -0.0000000000       
2          1.6516180000         -0.0000000000        1.6565950000         -0.0000000000       
2          1.6565950000         -0.0000000000        1.6615720000         -0.0000000000       
2          1.6615720000         -0.0000000000        1.6665490000         -0.0000000000       
2          1.6665490000         -0.0000000000        1.6715260000         -0.0000000000       
2          1.6715260000         -0.0000000000        1.6765030000         -0.0000000000       
2          1.6765030000         -0.0000000000        1.6814800000         -0.0000000000       
2          1.6814800000         -0.0000000000        1.6864570000         -0.0000000000       
2          1.6864570000         -0.0000000000        1.6914340000         -0.0000000000       
2          1.6914340000         -0.0000000000        1.6964100000         -0.0000000000       
2          1.6964100000         -0.0000000000        1.7013870000         -0.0000000000       
2          1.7013870000         -0.0000000000        1.7063640000         -0.0000000000       
2          1.7063640000         -0.0000000000        1.7113410000         -0.0000000000       
2          1.7113410000         -0.0000000000        1.7163180000         -0.0000000000       
2          1.7163180000         -0.0000000000        1.7212950000         -0.0000000000       
2          1.7212950000         -0.0000000000        1.7262720000         -0.0000000000       
2          1.7262720000         -0.0000000000        1.7312490000         -0.0000000000       
2          1.7312490000         -0.0000000000        1.7362250000         -0.0000000000       
2          1.7362250000         -0.0000000000        1.7412020000         -0.0000000000       
2          1.7412020000         -0.0000000000        1.7461790000         -0.0000000000       
2          1.7461790000         -0.0000000000        1.7511560000         -0.0000000000       
2          1.7511560000         -0.0000000000        1.7561330000         -0.0000000000       
2          1.7561330000         -0.0000000000        1.7611100000         -0.0000000000       
2          1.7611100000         -0.0000000000        1.7660870000         -0.0000000000       
2          1.7660870000         -0.0000000000        1.7710640000         -0.0000000000       
2          1.7710640000         -0.0000000000        1.7760400000         -0.0000000000       
2          1.7760400000         -0.0000000000        1.7810170000         -0.0000000000       
2          1.7810170000         -0.0000000000        1.7859940000         -0.0000000000       
2          1.7859940000         -0.0000000000        1.7909710000         -0.0000000000       
2          1.7909710000         -0.0000000000        1.7959480000         -0.0000000000       
2          1.7959480000         -0.0000000000        1.8009250000         -0.0000000000       
2          1.8009250000         -0.0000000000        1.8059020000         -0.0000000000       
2          1.8059020000         -0.0000000000        1.8108790000         -0.0000000000       
2          1.8108790000         -0.0000000000        1.8158550000         -0.0000000000       
2          1.8158550000         -0.0000000000        1.8208320000         -0.0000000000       
2          1.8208320000         -0.0000000000        1.8258090000         -0.0000000000       
2          1.8258090000         -0.0000000000        1.8307860000         -0.0000000000       
2          1.8307860000         -0.0000000000        1.8357630000         -0.0000000000       
2          1.8357630000         -0.0000000000        1.8407400000         -0.0000000000       
2          1.8407400000         -0.0000000000        1.8457170000         -0.0000000000       
2          1.8457170000         -0.0000000000        1.8506940000         -0.0000000000       
2          1.8506940000         -0.0000000000        1.8556710000         -0.0000000000       
2          1.8556710000         -0.0000000000        1.8606470000         -0.0000000000       
2          1.8606470000         -0.0000000000        1.8656240000         -0.0000000000       
2          1.8656240000         -0.0000000000        1.8706010000         -0.0000000000       
2          1.8706010000         -0.0000000000        1.8755780000         -0.0000000000       
2          1.8755780000         -0.0000000000        1.8805550000         -0.0000000000       
2          1.8805550000         -0.0000000000        1.8855320000         -0.0000000000       
2          1.8855320000         -0.0000000000        1.8905090000         -0.0000000000       
2          1.8905090000         -0.0000000000        1.8954860000         -0.0000000000       
2          1.8954860000         -0.0000000000        1.9004620000         -0.0000000000       
2          1.9004620000         -0.0000000000        1.9054390000         -0.0000000000       
2          1.9054390000         -0.0000000000        1.9104160000         -0.0000000000       
2          1.9104160000         -0.0000000000        1.9153930000         -0.0000000000       
2          1.9153930000         -0.0000000000        1.9203700000         -0.0000000000       
2          1.9203700000         -0.0000000000        1.9253470000         -0.0000000000       
2          1.9253470000         -0.0000000000        1.9303240000         -0.0000000000       
2          1.9303240000         -0.0000000000        1.9353010000         -0.0000000000       
2          1.9353010000         -0.0000000000        1.9402770000         -0.0000000000       
2          1.9402770000         -0.0000000000        1.9452540000         -0.0000000000       
2          1.9452540000         -0.0000000000        1.9502310000         -0.0000000000       
2          1.9502310000         -0.0000000000        1.9552080000         -0.0000000000       
2          1.9552080000         -0.0000000000        1.9601850000         -0.0000000000       
2          1.9601850000         -0.0000000000        1.9651620000         -0.0000000000       
2          1.9651620000         -0.0000000000        1.9701390000         -0.0000000000       
2          1.9701390000         -0.0000000000        1.9751160000         -0.0000000000       
2          1.9751160000         -0.0000000000        1.9800920000         -0.0000000000       
2          1.9800920000         -0.0000000000        1.9850690000         -0.0000000000       
2          1.9850690000         -0.0000000000        1.9900460000         -0.0000000000       
2          1.9900460000         -0.0000000000        1.9950230000         -0.0000000000       
2          1.9950230000         -0.0000000000        2.0000000000         0.0000000000        
2          2.0000000000         0.0000000000         2.0000000000         0.0050000000        
2          2.0000000000         0.0050000000         2.0000000000         0.0100000000        
2          2.0000000000         0.0100000000         2.0000000000         0.0150000000        
2          2.0000000000         0.0150000000         2.0000000000         0.0200000000        
2          2.0000000000         0.0200000000         2.0000000000         0.0250000000        
2          2.0000000000         0.0250000000         2.0000000000         0.0300000000        
2          2.0000000000         0.0300000000         2.0000000000         0.0350000000        
2          2.0000000000         0.0350000000         2.0000000000         0.0400000000        
2          2.0000000000         0.0400000000         2.0000000000         0.0450000000        
2          2.0000000000         0.0450000000         2.0000000000         0.0500000000        
2          2.0000000000         0.0500000000         2.0000000000         0.0550000000        
2          2.0000000000         0.0550000000         2.0000000000         0.0600000000        
2          2.0000000000         0.0600000000         2.0000000000         0.0650000000        
2          2.0000000000         0.0650000000         2.0000000000         0.0700000000        
2          2.0000000000         0.0700000000         2.0000000000         0.0750000000        
2          2.0000000000         0.0750000000         2.0000000000         0.0800000000        
2          2.0000000000         0.0800000000         2.0000000000         0.0850000000        
2          2.0000000000         0.0850000000         2.0000000000         0.0900000000        
2          2.0000000000         0.0900000000         2.0000000000         0.0950000000        
2          2.0000000000         0.0950000000         2.0000000000         0.1000000000        
2          2.0000000000         0.1000000000         2.0000000000         0.1050000000        
2          2.0000000000         0.1050000000         2.0000000000         0.1100000000        
2          2.0000000000         0.1100000000         2.0000000000         0.1150000000        
2          2.0000000000         0.1150000000         2.0000000000         0.1200000000        
2          2.0000000000         0.1200000000         2.0000000000         0.1250000000        
2          2.0000000000         0.1250000000         2.0000000000         0.1300000000        
2          2.0000000000         0.1300000000         2.0000000000         0.1350000000        
2          2.0000000000         0.1350000000         2.0000000000         0.1400000000        
2          2.0000000000         0.1400000000         2.0000000000         0.1450000000        
2          2.0000000000         0.1450000000         2.0000000000         0.1500000000        
2          2.0000000000         0.1500000000         2.0000000000         0.1550000000        
2          2.0000000000         0.1550000000         2.0000000000         0.1600000000        
2          2.0000000000         0.1600000000         2.0000000000         0.1650000000        
2          2.0000000000         0.1650000000         2.0000000000         0.1700000000        
2          2.0000000000         0.1700000000         2.0000000000         0.1750000000        
2          2.0000000000         0.1750000000         2.0000000000         0.1800000000        
2          2.0000000000         0.1800000000         2.0000000000         0.1850000000        
2          2.0000000000         0.1850000000         2.0000000000         0.1900000000        
2          2.0000000000         0.1900000000         2.0000000000         0.1950000000        
2          2.0000000000         0.1950000000         2.0000000000         0.2000000000        
2          2.0000000000         0.2000000000         2.0000000000         0.2050000000        
2          2.0000000000         0.2050000000         2.0000000000         0.2100000000        
2          2.0000000000         0.2100000000         2.0000000000         0.2150000000        
2          2.0000000000         0.2150000000         2.0000000000         0.2200000000        
2          2.0000000000         0.2200000000         2.0000000000         0.2250000000        
2          2.0000000000         0.2250000000         2.0000000000         0.2300000000        
2          2.0000000000         0.2300000000         2.0000000000         0.2350000000        
2          2.0000000000         0.2350000000         2.0000000000         0.2400000000        
2          2.0000000000         0.2400000000         2.0000000000         0.2450000000        
2          2.0000000000         0.2450000000         2.0000000000         0.2500000000        
2          2.0000000000         0.2500000000         2.0000000000         0.2550000000        
2          2.0000000000         0.2550000000         2.0000000000         0.2600000000        
2          2.0000000000         0.2600000000         2.0000000000         0.2650000000        
2          2.0000000000         0.2650000000         2.0000000000         0.2700000000        
2          2.0000000000         0.2700000000         2.0000000000         0.2750000000        
2          2.0000000000         0.2750000000         2.0000000000         0.2800000000        
2          2.0000000000         0.2800000000         2.0000000000         0.2850000000        
2          2.0000000000         0.2850000000         2.0000000000         0.2900000000        
2          2.0000000000         0.2900000000         2.0000000000         0.2950000000        
2          2.0000000000         0.2950000000         2.0000000000         0.3000000000        
2          2.0000000000         0.3000000000         2.0000000000         0.3050000000        
2          2.0000000000         0.3050000000         2.0000000000         0.3100000000        
2          2.0000000000         0.3100000000         2.0000000000         0.3150000000        
2          2.0000000000         0.3150000000         2.0000000000         0.3200000000        
2          2.0000000000         0.3200000000         2.0000000000         0.3250000000        
2          2.0000000000         0.3250000000         2.0000000000         0.3300000000        
2          2.0000000000         0.3300000000         2.0000000000         0.3350000000        
2          2.0000000000         0.3350000000         2.0000000000         0.3400000000        
2          2.0000000000         0.3400000000         2.0000000000         0.3450000000        
2          2.0000000000         0.3450000000         2.0000000000         0.3500000000        
2          2.0000000000         0.3500000000         2.0000000000         0.3550000000        
2          2.0000000000         0.3550000000         2.0000000000         0.3600000000        
2          2.0000000000         0.3600000000         2.0000000000         0.3650000000        
2          2.0000000000         0.3650000000         2.0000000000         0.3700000000        
2          2.0000000000         0.3700000000         2.0000000000         0.3750000000        
2          2.0000000000         0.3750000000         2.0000000000         0.3800000000        
2          2.0000000000         0.3800000000         2.0000000000         0.3850000000        
2          2.0000000000         0.3850000000         2.0000000000         0.3900000000        
2          2.0000000000         0.3900000000         2.0000000000         0.3950000000        
2          2.0000000000         0.3950000000         2.0000000000         0.4000000000        
2          2.0000000000         0.4000000000         2.0000000000         0.4050000000        
2          2.0000000000         0.4050000000         2.0000000000         0.4100000000        
2          2.0000000000         0.4100000000         2.0000000000         0.4150000000        
2          2.0000000000         0.4150000000         2.0000000000         0.4200000000        
2          2.0000000000         0.4200000000         2.0000000000         0.4250000000        
2          2.0000000000         0.4250000000         2.0000000000         0.4300000000        
2          2.0000000000         0.4300000000         2.0000000000         0.4350000000        
2          2.0000000000         0.4350000000         2.0000000000         0.4400000000        
2          2.0000000000         0.4400000000         2.0000000000         0.4450000000        
2          2.0000000000         0.4450000000         2.0000000000         0.4500000000        
2          2.0000000000         0.4500000000         2.0000000000         0.4550000000        
2          2.0000000000         0.4550000000         2.0000000000         0.4600000000        
2          2.0000000000         0.4600000000         2.0000000000         0.4650000000        
2          2.0000000000         0.4650000000         2.0000000000         0.4700000000        
2          2.0000000000         0.4700000000         2.0000000000         0.4750000000        
2          2.0000000000         0.4750000000         2.0000000000         0.4800000000        
2          2.0000000000         0.4800000000         2.0000000000         0.4850000000        
2          2.0000000000         0.4850000000         2.0000000000         0.4900000000        
2          2.0000000000         0.4900000000         2.0000000000         0.4950000000        
2          2.0000000000         0.4950000000         2.0000000000         0.5000000000        
2          2.0000000000         0.5000000000         2.0000000000         0.5050000000        
2          2.0000000000         0.5050000000         2.0000000000         0.5100000000        
2          2.0000000000         0.5100000000         2.0000000000         0.5150000000        
2          2.0000000000         0.5150000000         2.0000000000         0.5200000000        
2          2.0000000000         0.5200000000         2.0000000000         0.5250000000        
2          2.0000000000         0.5250000000         2.0000000000         0.5300000000        
2          2.0000000000         0.5300000000         2.0000000000         0.5350000000        
2          2.0000000000         0.5350000000         2.0000000000         0.5400000000        
2          2.0000000000         0.5400000000         2.0000000000         0.5450000000        
2          2.0000000000         0.5450000000         2.0000000000         0.5500000000        
2          2.0000000000         0.5500000000         2.0000000000         0.5550000000        
2          2.0000000000         0.5550000000         2.0000000000         0.5600000000        
2          2.0000000000         0.5600000000         2.0000000000         0.5650000000        
2          2.0000000000         0.5650000000         2.0000000000         0.5700000000        
2          2.0000000000         0.5700000000         2.0000000000         0.5750000000        
2          2.0000000000         0.5750000000         2.0000000000         0.5800000000        
2          2.0000000000         0.5800000000         2.0000000000         0.5850000000        
2          2.0000000000         0.5850000000         2.0000000000         0.5900000000        
2          2.0000000000         0.5900000000         2.0000000000         0.5950000000        
2          2.0000000000         0.5950000000         2.0000000000         0.6000000000        
2          2.0000000000         0.6000000000         2.0000000000         0.6050000000        
2          2.0000000000         0.6050000000         2.0000000000         0.6100000000        
2          2.0000000000         0.6100000000         2.0000000000         0.6150000000        
2          2.0000000000         0.6150000000         2.0000000000         0.6200000000        
2          2.0000000000         0.6200000000         2.0000000000         0.6250000000        
2          2.0000000000         0.6250000000         2.0000000000         0.6300000000        
2          2.0000000000         0.6300000000         2.0000000000         0.6350000000        
2          2.0000000000         0.6350000000         2.0000000000         0.6400000000        
2          2.0000000000         0.6400000000         2.0000000000         0.6450000000        
2          2.0000000000         0.6450000000         2.0000000000         0.6500000000        
